012333222333332012333322333332013333323444432013333333344333013443333465433013443333465433013333323444432013333323344332012222222333222011222212222221
012333222333332012333323333332013333323444432013333333344333013443333465433013443333465433013333323444432013333323344332012222222333222011222212222221
012333222333332012333323333332013333323444433013333333344333013443333454433013443333465433013333323444432013333323343332012222222333222012222212222221
012333222333332012333323333332013333323444433013333333344332013443333465433013443333465433013333323444432013333323344332012222222333222012222212222221
012333222333332012333323333332013333323444332013333333444333013443333465433013443333465433013333323444432013333323343332012222222333222012222212222221
012333222333332012333323333332013333323444432013333333444333013443333465433013443333465433013333323444432013333323344332012222222333222012222212222221
012333222333332012333323333332013333323444432013333333444333013443333465433013443333465433013333323444432013333323344332012222222333222012222212222221
012333222333332012333322333332013333323444332013333333444333013443333465433013443333465433013333323444432013333323343332012222222333222011222212222221
012333222333332012333322333332013333323444432013333333444333013443333465433013443333465433013333323444432012333323344332012222222333222011222212222221
012333222333332012333322333332013333323444332013333333444333013433333465433013443333465433013333323444432012333323343332012222222333222011222212222221
012333222333332012333322333332013333323444432013333333444333013443333465433013443333465433013333323444432013333323344332012222222333222011222212222221
012333222333332012333322333332013333323444332013333333444332013443333465433013443333465433013333323444432013333323343332012222222233222011222212222221
002333222333332002333222333332003333323444332003333333444332013433323465433013443333465433003333323344432002333323343332002222222333222001222112222221
002333222333332002333222333332002333323444332003333323344332003433323465433003343333465433002333323444332002333323343332002222222333222001222112222221
002333222333332002333222333332002333323444332003333323344333003333323465433003343323465433002333323344432002333323343332002222222333222001222112222221
002333222333332002333222333332002333322444332002333323344332002333323465433002333323465433002333323344432002333323343332002222222233222001221111222221
002332222333332002333222333332002333222444332002333222344332002333323465433002333323465433002333222344332002333222343332002222222233222001221111222211
002232222333332002332222333332002333222344332002333222344332002333223465433002333223465433002333222344332002333222333332002222222232222001111111222211
002232222333332002232222333332002333222344332002333222344333002333223455433002333223465433002333222344332002333222333332002222222232222001111111222211
002232222333332002232222333332002333222344333002333222344333002333223465433002333223465433002333222344333002333222333332002222222232222001121111222211
002232222333332002332222333332002333222344333002333222344333002333223455433002333323465433002333222344333002333222333332002222222233222001221111222221
002232222333332002332222333332002333222344333002333222344333002333323465433002333323465433002333222344433002333222333332002222222233222001221111222221
002232222333332002332222333332002333222344333002333222344333002333223465433002333323465433002333222344433002333222333332002222222232222001222111222221
002232222333332002232222333332002333222344333002333222344333002333223465433002333223465433002333222344333002333222333332002222222232222001221111222221
002222222333332002222222333332002333222344333002333222344333002333223465433002333223465433002333222344333002333222333332001222222232222001111111222221
001222212333332001222212333332001232212343332001322212343332001332222465433001332222465433001232222344332001222212333332001222212222222001111111111111
001122112333332001122112333332001122212333333001122212333333001122212365433001122212365433001122212344333001122212333333001122111222222001111111111111
001112112333333001112112333332001112112334333001112112344333001122112355433001122112465433001122112344433001112112333333001111111222222001111111222221
001112112333333001112112333333001112112344333001112112344333001122112455433001122112465433001112112344433001112112333333001111112232222001111111222221
001112112333333001112112333333001112112344333001122112344333001122112455433001122112465433001122112344433001112112333333001111112233222001111111222222
001111112333333001111112333333001112112344333001112112344333001112112455433001112112465433001112112344433001112112333333001111112233322001111111222222
001111111333333001111111333333001111111344333001111111344333001112111355433001112111365433001111111344433001111111333333001111111233322001111111222222
001111111333333001111111333333001111111344333001111111344333001112111355433001112111365433001111111344433001111111344333001111111233332001111111222222
001111111333333001111111333333001111111344333001111111344333001112112355433001112112465433001111112344433001111112344333001111111333332001111111222222
001111111333333001111111333333001111112344333001111112344333001112112455433001112112465433001112112344433001111112344333001111111333332001111111222222
001111112333333001111112333333001112112344333001112112344333001112112455433001112112465433001112112344433001112112344333001111111333332001111111222222
001111112333333001111112333333001112112344333001112112344333001112112455433001112112465433001112112344433001112112333333001111112333332001111111222222
001112112333333001112112333333001112112344333001112112344333001122112455433001122112465433001112112344433001112112344333001111112333332001111111222222
001112112333333001112112333333001122112344333001122112344333001122112455433001122112465433001122112344433001122112344333001112112333332001111111222222
001112112333333001112112333333001112112344333001112112344333001122112455433001122112465533001122112344433001112112343333001112112333332001111111222222
001112112333333001112112333333001112112344333001112112344333001112112455433001112112465533001112112344433001112112344333001111112333332001111111222222
001112112333333001112112333333001112112344333001112112344333001112112465433001112112465533001112112344433001112112344333001112112333332001111111222222
001112112333333001112112333333001112112344333001112112344333001112112455433001112112465433001112112344433001112112344333001112112333332001111111222222
001112112333333001112112333333001112112344333001112112344333001112112465433001112112465433001112112344433001112112344333001112112333332001111111222222
001112112333333001112112333333001112112344333001112112344333001112112455433001122112465533001112112344433001112112344333001112112333332001111111222222
001112112333333001112112333333001112112344333001112112344333001122112455433001122112465433001122112344433001112112344333001112112333332001111111222222
001112112333333001112112333333001112112344333001122112344333001122112465433001122112465433001122112344433001112112344433001112112333332001111111222222
001112112333333001112112333333001112112344333001122112344333001122112455433001122112465433001122112344433001112112344333001112112333332001111111222222
001112112333333001112112333333001122112344433001122112344333001122112455433001122212465533001122112344433001122112344433001112112333332001111111222222
001122112333333001122112333333001122112344333001122112344333001122112465433001122212465433001122112344433001122112344433001112112333332001111111222222
001122112333333001122112333333001122112344333001122112344333001122212455433001122212465433001122212344433001122112344333001122112333332001111111222222
001122112333333001122112333333001122212344333001122222344333001122222465433001122222465433001122222344433001122222344333001122112333332000111111222222
000122222333333000122222333333000222222344333000222222344333000222222465433000222222465433000222222344433000222222344333000122112333322000111111222222
000222222333333000222222333332000222222344333000222222344333000222222465433000222222465433000222222344433000222222333333000222222333322000111111222222
000222222333333000222222333332000222222344333000222222344333000222222465433000222222465433000222222344433000222222333333000222222333322000111111222222
000222222333332000222222333332000222222344333000222222344333000222222465433000222222465433000222222344433000222222333333000222222333322000111111222222
000222222333333000222222333332000222222344333000222222344333000222222465433000222222465433000222222344433000222222333333000222222333322000111111222222
000222222333333000222222333332000222222344333000222222344333000222222465433000222222465433000222222344433000222222343333000222222333322000111111222222
000222222333333000222222333332000222222344333000222222344333000222222465433000222222465433000222222344433000222222343333000222222333322000111111222222
000222222333333000222222333332000222222344333000222222344333000222222465433000222222465433000222222344433000222222343333000222222333322000111111222222
000222222333333000222222333332000222222344333000222222344333000222222465433000222222465433001222222344433000222222343333000222222333322000111111222222
000222222333333000222222333332000222222344333000222222344333000222222465433000222222465433000222222344433000222222343333000222222333322000111111222222
000222222333333000222222333332000222222344333000222222344333000222222465433000232222465433000222222344433000222222343333000222222333322000111111222221
001222222333332001222222333332001222222344333001222222344333001332222465433001332222465433001222222344433001222222343332001222222233222001111111222221
001222222333332001222222333332001232222344333001332222344333001333222465433001333222465433001232222344433001222222333332001222222333222001111111222221
001222222333332001222222333332001232222344332001332222344332001333222465433001333222465433001332222344432001222222333332001222222233222001111111222221
001222222333332001222222333332002332222344332002332222344332002333222465433002333222465433002332222344432002232222333332001222222233222001111111222221
001222222333332001222222333332002332222344332002332222344332002333222465433002333222465433002333222344432002332222343332001222222233222001111111222221
001222222333332001222222333332001332222344332001332222344333001333223465433001333222465433001333222344433001232222333332001222222333222001221111222221
001222222333332001222222333332001332222344333001332222344333001333222465433001333222465433001332222344433001232222333332001222222233222001111111222221
000222222333332000222222333332001232222344333001232222344333001333222465433001333222465433001232222344433001222222333332001222222333222000111111222222
000222212333332000222212333332000222222344333000222222344333000232222465433000232222465433000222222344433000222222343333000222212333322000111111222221
000222212333332000222212333332000222212344333000222212344333000222212465433000222212465433001222212344433001222212333333000222212333322000111111222221
000222212333333000222212333332000222212344333001222212344333001222212465433001222212465433001222212344433001222212343333001222212333322000111111222222
000222212333333000222212333332000222222344333000222222344333001222222465433001222222465433001222222344433001222222343333001222212333322000111111222222
000222222333333000222222333332000222222344333000222222344333000222222465433000232222465433000222222344433000222222343333000222222333322000111111222222
000222222333332000222222333332001222222344333001222222344333001233222465433001233222465433001232222344433001222222343333001222222333322000111111222222
001222222333332001222222333332001232222344333001232222344333001333222465433001333222465433001232222344433001222222343333001222222333322001121111222222
001222222333332001222222333332002333222344333002333222344333002333223465433002333222465433002333222344433002332222343332001222222333322001121111222221
002222222333332002222222333332002333222344332002333222344332002333223465433002333223465433002333222344432002333222343332002222222333222001111111222221
002222222333332002222222333332002333222344332002333222344332002333223465433002333223465433002333222344332002333222343332002222222333222001111111222221
002232222333332002232222333332002333222344332002333222344332002333223465432002333223465432002333222344432002333222343332002222222333222001221111222221
002232222333332002332222333332002333222344332002333222344332002333223465432002333223465432002333222344432002333222343332002222222333222001221111222221
002332222333332002332222333332002333222344332002333222344332002333223465432002333223465432002333222344332002333222343332002222222333222001221111222221
002332222333332002332222333332002333222344332002333222344332002333223465432002333223465432002333222344332002333223343332002222222333222001221111222221
002232222333332002332222333332002333222344332002333222344332002333223465433002333223465433002333223344432002333223343332002222222333222001221111222221
002222222333332002222222333332002333222344332002333222344332002333223465433002333223465433002333222344332002333222343332002222222333222001222111222221
002222222333332002222222333332002333222344332002333222344332002333223465433002333223465433002333222344332002333222343332002222222333222001222112222221
002222222333332002222222333332002333222344332002333222344332002333223465433002333223465433002333222344432002333222343332002222222333222001222112222221
002222222333332002222222333332002333222344332002333222344333002333223465433002333223465433002333222344333002333222343332001222222333222001222112222221
001222222333332001222222333332001333222344333002333222344333002333223465433002333223465433001333222344433001332222343332001222222333222001221111222221
001222222333332001222222333332001333222344333001332222344333001333223465433001333222465433001333222344333001232222343332001222222333222001121111222221
001222222333332001222222333332001232222344333001332222344333001333222465433001333222465433001333222344433001232222343332001222222333222001121111222221
001222222333332001222222333332001333222344333001332222344333001333223465433001333222465433001333222344433001232222343332001222222333322001121111222221
002222222333332002222222333332002333222344333002333222344333002333223465433002333223465433002333222344333002333222343332001222222333322001222112222221
002232222333332002222222333332002333222344332002333222344332002333223465433002333223465433002333222344432002333222343332002222222333222001222111222221
002332222333332002332222333332002333222344332002333222344332002333323465433002333323465433002333223444432002333222343332002222222333222001222111222221
012332222333332012332222333332012333222344332012333233344332012333323465432012333323465432012333223344432012333223343332012222222333222011222112222221
012332222333322012332222333322012333222344332012333233344332012333333465432012333333465432012333223344432012333223343332012222222333222011222112222221
012332222333322012332222333322012333222344332012333233343332013333333465432013333333464432012333323444332012333323343332012222222333322012222222222221
012332222333322012332222333322012333223343332012333233344332013333333465432013333333465432012333323444432012333333344332012322222333322012222222222222
002222222333322002222222333322002333222343332002333233344332002333333465432002333333465432002333323444432002333323344332002322222333322002222222222222
002222222333332002222222333322002333222343332002333223344332002333333465433002333333465433002333323444432002333323344332002332222333332002222222222222
002222222333332002222222333322002333223344332002333333344332002333333465433002333333465433002333333444433002333333444433002333222333332002222222222222
002332222333332002222222333332002333223344332002333333344333002333333465433002333333465433002333333444433002333333444433002333223333332002222222222222
002332222333332002332222333332002333223344332002333333344333012333333465433012333333465433012333333444433012333333444433012333223333332002222222222222
012332222333332012332222333332012333333344332012333333344333013333333465433013333333465433012333333444433012333333444433012333223333332012222222222222
012332222333332012332222333332012333333344332012333333344333013333333465433013333333465433012333333454433012333333444433012333223333332012222222222222
002332222333332002332222333332002333333344332002333333344333003333333465433002333333465433002333333454433002333333444433002333223333332002222222222222
002332222333332002222222333332002333323344333002333333344333002333333465433002333333465433002333333444433002333333444433002333223333332002222222222222
002322222333332002222222333332002333223344333002333333344333002333333465433002333333465433002333323454433002333333454433002333223333332002222222222222
002222222333332002222222333332002333223344333002333323344333002333333465433002333333465433002333323444433002333323444433002333222333332002222222222222
002222222333332002222222333332002333223344333002333323344333002333333465433002333333465433002333323454433002333323444433002333222333332002222222222222
002222222333332002222222333332002333223344333002333333344333002333333465433002333333465433002333323454433002333333444433002333223333332002222222222222
002222222333332002222222333332002333223343333002333333344333002333333465433002333333465433002333333454433002333333444433002333223333332002222222222222
002232222333332002232222333332002333323344333002333333344333002333333465433002333333465433002333333454433002333333444433002333223333332002222222222222
002332222333332002332222333332002333323344333002333333344333002333333465433002333333465433002333333444433002333333444433002333222333332002222222222222
002332222333332002332222333332002333223344333002333333344333002333333465433002333333465433002333323444433002333333444433002333222333332002222222222222
012332222333332012332222333332012333323344333012333333344333012333333465433012333333465433012333333444433012333333444433012333222333332012222222222222
012332222333332012332222333332012333333344332012333333344332012333333465433013333333465433012333333454433012333333444432012333223333332012222222222222
012332222333332012332222333332012333323344332012333333344332012333333465433012333333465433012333323454432012333323444332012332222333332012222222222222
002222222333332002222222333332002333223344332002333223344332002333323465433002333323455433002333323444433002333323344332002222222333322002222222222222
002222222333332002222222333332002333223344333002333223344333002333323465433002333323455433002333323444433002333323444433002222222333332002222222222222
002222222333322002222222332222002332222333322002332223333332003333333443332003333333554433003333333554432003333333554332003333333443332002322223333332
002222222333322002222222332222002332222333322002332223333332003333333443332003333333554433003333333554432003333333554432003333333443332002322223333332
002222222333322002222222333222002332222333322002332223333332002333333443332003333333554433003333333554433003333333554433002333333443332002322223333332
002222222333322002222222333222002332222333332002332223333332002333333443332002333333554433002333333554433002333333554433002333333443332002322223333332
002222222333322002222222333222002322222333332002322223333332002333333443332002333333554433002333333554433002333333554433002333333443332002222223333332
002222222333322002222222333222002322222333332002322223333332002333333443332002333333554433002333333554433002333333554433002333233443332002222223333332
002222222333322002222222333222002322222333332002332223333332002333333443332002333333554433002333333554433002333333554433002333233443332002322223333332
002222222333322002222222333222002322222333332002332223333332002333333443332002333333554433002333333554433002333333554433002333333443332002322223333332
002222222333322002222222333222002322222333332002332223333332002333333443332002333333554433002333333554433002333333554433002333233443332002322223333332
002222222333322002222222333222002332222333332002332223333332002333333443332002333333554433002333333554433002333333554433002333333443332002322223333332
002222222333322002222222333322002332222333332002332223333332002333333443332002333333554433002333333554433002333333554433002333333443332002322223333332
002222222333322002222222333222002322222333332002332223333332002333333443332002333333554433002333333554433002333333554433002333233443332002322223333332
002222222333322002222222333322002322222333332002322223333332002333233443332002333333554433002333333564433002333333554433002333233443332002222223333332
002222222333322002222222333322002222222333332002322222333332002333233443332002333333554433002333333564433002333333554433002332233443332002222223333332
002222222333322002222222333322002222222333332002322222333332002333223443332002333333554433002333333554433002333333554333002332223343332002222222333322
001222222333322001222222333222002222222333332002322222333332002332223443332002333223564433002333223554433002332233454333002322223333332001222222333322
001222222333322001222222333222002222222333332002322222333332002332223443332002333223564433002333223554433002332223454333002222223333332002222222333322
002222222333322002222222333322002222222333332002322222333332002332223443332002333223554433002333223564433002332223454333002322223333332002222222333322
001222222333322001222222333322002222222333332002322222333332002332223443332002333223554433002333223564433002332223444333002322223333332001222222333322
001222222333322001222222333322002222222333332002322222333332002332223443332002333223554433002333233554433002332233454333002222223333332001222222333322
002222222333322002222222333322002222222333332002322222333332002332223443332002333233554433002333233564433002333233454333002322223333332002222222333322
002222222333322002222222333322002222222333332002322222333332002333223443332002333233554433002333233554433002333233454333002322223333332002222222333322
002222222333322002222222333322002322222333332002322222333332002333223443332002333233554433002333233564433002333333454333002322223333332002222222333322
002222222333322002222222333322002322222333332002322222333332002333223443332002333333564433002333333564433002333333454333002322223333332002222222333322
002222222333322002222222333322002332222333332002332222333332002333223443332002333333554433002333333564433002333333554333002322223333332002222222333322
002222222333322002222222333322002332222333332002332222333332002333223443332002333333554433002333333564433002333333454433002332223333332002222222333322
002222222333322002222222333322002332222333332002332222333332002333223443332002333333554433002333333564433002333333454433002332223333332002222222333322
002222222333322002222222333322002332222333332002332222333332002333223443332002333333554433002333333664433002333333454433002332223333332002222222333322
002222222333322002222222333322002332222333332002332222333332002333223443332002333333554433002333333564433002333333454333002332223333332002222222333322
002222222333322002222222333322002332222333332002332222333332002333223443332002333333664433002333333564433002333333554333002332233333332002222222333322
002222222333322002222222333322002332222333332002332222333332002333233443332002333333564433002333333554433002333333454433002332233333332002222222333322
002222222333322002222222333322002332222333332002332223333332002333233443332002333333564433002333333554433002333333454433002332233333332002222222333322
002222222333322002222222333322002332222333332002332223333332002333233443332002333333564433002333333564433002333333444332002332233333332002222222333322
002222222333322002222222333322002332222333332002332223333332002333233443332002333333564433002333333554432002333333454332002332233333332002222222333322
002222222333322002222222333322002332222333332002332223333332002333233443332002333333554433002333333554433002333333454332002332233333332002222222333322
002222222333322002222222333322002332222333332002332223333332002333233443332002333333554433002333333564433002333333454332002332233333332002222222333322
002222222333322002222222333322002332222333332002332223333332002333233443332002333333554433002333333564433002333333454333002332233333332002222222333322
002222222333322002222222333322002332222333332002332223333332002333233443332002333333564433002333333564433002333333454333002332233333332002222222333322
002222222333322002222222333322002332222333332002332233333332002333233443332003333333564433003333333564433002333333554333002333233343332002222222333322
002222222333322002222222333322002332222333332002332233333332002333233443332003333333554433003333333564433002333333554432002333233343332002222222333322
012222222333322012222222333322012332222333332012333233333332013333333443332013333333554432013333333554432013333333554332013333233343332012222222333322
012222222333322012222222333322012332222333332013333233333332013333333443332013333333564432013333333554432013333333454432013333233343332012222222333322
012222222333322012222222333322013332222333332013333233333332013333333443332013333333564432013333333554432013333333454332013333333343332012322222333322
012222222333322012222222333322013333223333332013333233333332013333333443332013333333564432013333333564432013333333454332013333333343332012322222333322
012222222333322012222222333322013333223333332013333233333332013333333443332013333333564432013333333554432013333333554332013333333343332012322222333322
012222222333322012222222333322012333223333332013333233333332013333333443332013333333564432013333333554432013333333454332013333333443332012322222333322
012222222333322012222222333322012332222333332013333233333332013333333443332013333333564432013333333554432013333333554332013333333343332012222222333322
002222222333322002222222333322002332223333332003333233333332003333333443332003333333664432003333333554432003333333554332003333333443332002322222333322
002222222333322002222222333322012333223333332013333233333332013333333443332013333333564432013333333554432013333333554332013333333443332012322222333322
012222222333322012222222333322012333223333332013333233333332013333333443332013333333564432013333333554432013333333554332013333333443332012322222333322
012222222333322012222222333322012333223333332013333333333332013333333444332013333333564432013333333554432013333333554432013333333443332012322223333322
012222222333322012222222333322013333233333332013333333333332013333333444332013333333564432013333333554432013333333554332013333333443332012322223333322
012222222333322012222222333322013333233333332013333333333332013333333444332013333333564432013333333554432013333333554432013333333443332012322223333322
012222222333322012222222333322013333233333332013333333333332013333333443332013333333564432013333333564432013333333554432013333333443332012322223333322
012222222333322012222222333322013333233333332013333333333332013333333443332013333333564432013333333554432013333333554432013333333443332012322223333322
002222221222222002222211222222002222221222222002222221222222002333222233322003333322333332003333322344332003443322344332003433322365432003333322356432
002222221222222002222211222222002222221222222002222221222222002333222233322003333322333332003333322344332003443322344332003433322365432003333322356432
002222221222222002222211222222002222221222222002222221222222002333222233322003333322333332003333322344332003443322344332003433322365432003333322356432
002222221222222002222211222222002222221222222002222221222222002333222233322003333322333332003333322344332003443322344332003433322365432003333322356332
002222221222222002222211222222002222221222222002222221222222002333222233322003333322333332003333322344332003443322344332003433322365432003333322356432
002222221222222002222211222222002222221222222002222221222222002333222233322003333322333332003333322344332003443322344332003443322366432003333322356432
002222221222222002222211222222002222221222222002222221222222002333222233322003333322333332003333322344332003443322344332003433322365432003333322356432
002222221222222002222211222222002222221222222002222221222222002333222233322003333322333332003333322344332003443322344332003433322365432003333322356332
002222221222222002222211222222002222221222222002222221222222002333222233322003333322333332003333322334332003443322344332003433322365432003333322356432
002222221222222002222211222222002222221222222002222221222222002333222233322003333322333332003333322344332003443322344332003433322365432003333322356432
002222221222222002222211222222002222221222222002222221222222002333222233322003333322333332003333322344332003443322344332003433322365432003333322356432
002222221222222002222211222222002222221222222002222221222222002333222233322003333322333332003333322344332003443322344332003443322365432003333322356432
002222221222222002222211222222002222221222222002222221222222002333222233322003333322333332003333322344332003443322344332003443322365432003333322356432
002222221222222002222211222222002222221222222002222221222222002333222233322003333322333332003333322344332003443322344332003443322365432003333322356432
002222221222222002222211222222002222221222222002222221222222002333222233322003333322333332003333322344332003443322344332003433322365432003333322356432
002222221222222002222211222222002222221222222002222221222222002333222233322003333322333332003333322344332003443322344332003443322366432003333322356432
002222221222222002222211222222002222221222222002222221222222002333222233322003333322333332003333322344332003443322344332003443322366432003333322356432
002222221222222002222211222222002222221222222002222221222222012333222233322013333322333332013333322344332013444322344332013443322366432013333322356432
012222221222222012222211222222012222221222222012222221222222012333222233322013333322333332013333322344332013444322345332013443322365432013333322356432
012222221222222012222211222222012222221222222012222221222222012333222233322013333322333332013333322344332013444322344432013443322365432013333322356432
002222221222222002222211222222012222221222222012222221222222012333222233322013333322333332013333322344332013444322344432013443322365432013433322356432
002222221222222002222211222222002222221222222002222221222222002333222233322003333322333332003333322344332003444322344332003443322365432003433322355332
002222221222222002222211222222002222221222222002222221222222002333222233322003333322333332003333322344332003444322344332003443322365432003433322356432
002222221222222002222211222222002222221222222002222221222222002333222233322003333322333332003333322344332003444322344332003443322365432003333322356432
002222221222222002222211222222002222221222222002222221222222002333222233322003333322333332003333322344332003444322344332003443322365432003443322356432
002222221222222002222211222222012222221222222012222221222222012333222233322013333322333332013333322344332013444322354432013443322365432013443322356432
012222221222222012222211222222012222221222222012222221222222012333222233322013333322333332013333322344332013444322344332013443322365432013443322356432
012222221222222012222211222222012222221222222012222221222222012333222233322013333322333332013343322344332013444322354332013443322365432013333322356432
002222221222222002222211222222002222221222222002222221222222002333222233322003333322333332003333322344332003444322344332003443322366432003433322356432
002222221222222002222211222222002222221222222002222221222222002333222233322003333322333332003333322344332003443322344332003443322366432003433322356432
002222221222222002222211222222002222221222222002222221222222002333222233322003333322333332003333322344332003443322344332003443322366432003433322356432
002222221222222002222211222222002222221222222002222221222222002333222233322003333322333332003333322344332003444322344332003443322366432003433322356432
002222221222222002222211222222002222221222222002222221222222002333222233322003333322333332003333322344332003443322344332003443322366432003433322356432
002222221222222002222211222222002222221222222002222221222222002333222233322003333322333332003333322344332003443322354432003443322366432003433322356432
002222221222222002222211222222002222221222222002222221222222002333222233322003333322333332003333322344332003443322345432003433322365432003433322356432
002222221222222002222211222222002222221222222002222221222222002333222233322003333322333332003333322344332003443322344432003433322366432003433322356432
002222221222222002222211222222002222221222222002222221222222002333222233322003333322333332003333322344332003443322344432003443322366432003433322356432
002222221222222002222211222222002222221222222002222221222222002333222233322003333322333332003333322344332003443322354332003443322365432003333322356432
002222221222222002222211222222002222221222222002222221222222002333222233322003333322333332003333322344332003443322344432003443322366432003433322356432
002222221222222002222211222222002222221222222002222221222222002333222233322003333322333332003333322344332003443322344332003443322366432003433322356432
002222221222222002222211222222002222221222222002222221222222002333222233322003333322333332003333322344332003443322344332003443322366432003433322356432
002222221222222002222211222222002222221222222002222221222222002333222333322003333322333332003333322344332003443322354432003443322366432003433322356432
002222221222222002222211222222002222221222222002222221222222002333222233322003333322333332003333322344332003443322344432003443322366432003333322356432
002222221222222002222211222222002222221222222002222221222222002333222333322003333322333332003333322344332003443322354432003443322366432003433322356432
002222221222222002222211222222002222221222222002222221222222002333222233322003333322333332003333322344332003443322344432003443322366432003433322356432
002222221222222002222211222222002222221222222002222221222222002333222233322003333322333332003333322344332003443322344332003433322366432003333322356432
002222221222222002222211222222002222221222222002222221222222002333222233322003333322333332003333322344332003443322344332003433322366432003333322355432
002222221222222002222211222222002222221222222002222221222222002333222233322003333322333332003333322344332003433322344432003333322366432003333322355432
002222221222222002222211222222002222221222222002222221222222002333222333332002333322333332002333322344332003333322344432003333322366433003333322355432
002222221222222002222211222222002222221222222002222221222222002333222333332002333222333332002333322344333002333322345433002333322366433002333322355433
002222221222222002222221222222002222221222222002222221222222002333222333332002333322333332002333322344433002333322345433002333322366433002333322355433
002222221222222002222221222222002222222222222002222222233222002333222333332002333322333333003333322344433003333322355433003333322366433003333322355433
002222221222222002222221222222002222222222222002222222233222002333222333332003333322333333003333322344433003333322354433003333322366433003333322355433
002222221222222002222221222222002222222222222002222222233222002333222333332003333322334333003333322344433003333322355433003333322366433003333322355433
002222221222222002222221222222002222222222222002222222233222002333222333332003333322344333003333322344433003333322355433003333322366433003333322355433
002222221222222002222221222222002222222222222002222222233222002333222333332003333322344333003333322344433003333322355433003333322366433003333322355433
002222221222222002222221222222002222222222222002222222233222002333222333332003333322344333003333322344433003433322355433003333322366433003333322355433
002222221222222002222221222222002222222222222002222222233222002333222333332003333322344333003333322344433003433322355433003333322366433003333322355433
002222222222222002222221222222002222222222222002222222233222002333222333332003333322334333003333322344433003433322355433003333322366433003333322355433
002222222222222002222221222222002222222222222002222222233222002333222333332003333322344333003333322344433003433322355433003333322366433003333322355433
002222222222222002222221222222002222222222222002222222233222002333222333332003333322344333003333322344433003433322355433003333322366433003333322355433
002222222222222002222221222222002222222222222002222222233222002333222333332003333322344333003333322344433003433322355433003433322366433003333322355433
002222222222222002222221222222002222222222222002222222233222002333222333332003333322344333003333322344433003433322355433003433322366533003333322355433
002222222222222002222221222222002222222222222002222222233222002333222333332003333322344333003333322344433003433322355433003433322366433003333322355433
002222222222222002222221222222002222222222222002222222233222002333222333332003333322344333003333322344433003433322355433003433322366433003333322355433
002222222222222002222221222222002222222222222002222222233222002333222333332003333322344333003333322344433003433322355433003433322366433003333322355433
002222222222222002222221222222002222222222222002222222233222002333222333332003333322344333003333322344433003433322355433003433322366433003333322355433
002222222222222002222221222222002222222222222002222222233222002333222333332003333322344333003333322344433003433322355433003433322366433003333322355433
002222222222222002222221222222002222222222222002222222233222002333222333332003333322344333003333322344433003443322355433003433322366433003333322355433
002222222222222002222221222222002222222222222002222222233222002333222333332003333322344333003333322344433003443322355433003433322366433003333322355433
002222222222222002222221222222002222222222222002222222233222002333322333332003333322344333003333322344433003443322355433003433322366433003333322355433
002222222222222002222221222222002222222222222002222222233222002333322333332003333322344333003343322344433003444322355433003443322366433003333322355433
002222222222222002222221222222002222222222222002222222233222003333322333332003333322344333003343322344433003444322355433003443322366433003333322355433
002222222222222002222221222222002222222222222002222222233222003333322333332003333322344333003333322344433003444322355433003443322366433003333322355433
002222222222222002222221222222002222222222222002222222233222002333322333332003333322344333003333322344433003443322355433003443322366433003333322355433
002222222222222002222221222222002222222222222002222222233222002333322333332003333322344333003333322344433003443322355433003443322366433003333322355433
002222222222222002222221222222002222222222222002222222233222002333222333332003333322344333003333322344433003443322355433003433322366433003333322355433
002222222222222002222221222222002222222222222002222222233222002333222333332003333322344333003333322344433003443322355433003433322366433003333322355433
002222221222222002222221222222002222222222222002222222233222002333222333332003333322344333003333322344433003433322355433003433322366533003333322355433
012222222333332012222222333332012332222333333013333222333333013333223444433013333223455433013333223565543013333223555533013333222344433012322222333332
012222222333332012222222333322012332222333333013333222333333013333223444433013333223455433013333223565543013333223555533013333223344433012322222333332
012222222333332012222222333332012332222333333013333222333333013333223444433013333223455433013333223565543013333223555533013333223444433012322222333332
012222222333332012222222333332012333222333333013333222333333013333223444433013433223455433013333223565543013333223455543013333223344433012322222333332
012222222333332012222222333332012333222333333013333222333333013333223444433013433223555433013333223565543013333223555533013333223444433012322222333332
012222222333332012222222333332012333222333333013333222333333013333223444433013333223555433013333223565543013333223455533013333223444433012322222333332
012222222333332012222222333332012333222333333013333222333333013333223444433013333223555433013333223565543013333223555533013333223444433012322222333332
012222222333332012222222333332012332222333333013333222333333013333223444433013333223555433013333223565543013333223455533013333223444433012322222333332
012222222333332012222222333332012332222333333013333222333333013333223444433013333223555433013333223565543013333223455533013333223444433012322222333332
002222222333332002222222333332002332222333333003333222333333003333223444433003333223555533003333223565543003333223455533003333223444433002322222333332
002222222333332002222222333332002332222333333002333222333333003333223444433003333223555433003333223565543003333223555533003333223444433002322222333332
002222222333332002222222333332002332222333333002333222333333003333223444433003333223455433003333223565543003333223555533003333223444433002322222333332
002222222333332002222222333332002332222333333002333222333333003333223444433003333223555433003333223565543003333223555533003333223444433002322222333332
002222222333332002222222333332002332222333333003333222333333003333223444433003333223555433003333223565543003333223555533002333223444433002322222333332
002222222333332002222222333332002333222333333003333222333333003333223444433003333223555433003333223565543003333223555543003333223444433002322222333332
002222222333332002222222333332002333222333333003333222333333003333223444433003333223555433003333223565543003333223555543003333223444433002322222333332
012222222333332012222222333332012333222333333013333222333333013333223444433013333223555433013433223565543013333223555543013333223444433012332222333332
012222222333333012222222333332012333222333333013333222333333013333223444433013333223555433013333223565543013333223555543013333223444433012332222333332
012222222333332012222222333332012333222333333013333222333333013333223444433013433223555433013333223565543013333223555543013333223444433012332222333332
012222222333333012222222333332012333222333333013333222333333013333223444433013433223555433013333223565543013333223555543013333223444433012332222333332
012222222333333012222222333332012333222333333013333222333333013333223444433013433223555433013333223565543013333223555543013333223444433012332222333332
012222222333333012222222333332012333222333333013333222333333013333223444433013433223555433013333223565543013333223455543013333223444433012332222333332
012222222333333012222222333332012333222333333013333222333333013333223444433013433223555433013333223565543013333223555543013333223444433012332222333332
012222222333333012222222333332012333222333333013333222333333013333223444433013333223555433013333223565543013333223555533013333223444433012332222333332
012222222333333012222222333332012333222333333013333222333333013333223444433013433223565433013433223565543013333233555543013333223444433012332222333332
012222222333333012222222333332012333222333333013333222333333013333223444433013333223555433013333223565543013333233555543013333223444433012332222333332
012222222333333012222222333332012333222333333013333222333333013333223444433013333223555533013433223565543013333233455543013333223444433012332222333332
012222222333333012222222333332012333222333333013333222333333013333223444433013433223555533013433333565543013333233555543013333223444433012332222333332
012222222333333012222222333332012333222333333013333222333333013333223454433013433223555433013433333565543013333233555543013333223444433012332222333332
012222222333333012222222333332012333222333333013333222343333013333223444433013433223555433013433333565543013333333555543013333223444433012332222333332
012322222333332012222222333332012333222333333013333222343333013333223444433013433223555433013433333565543013333333555543013333223444433012332222333332
012322222333333012222222333332012333222333333013333222344333013333223444433013433223555433013433333565543013333333555543013333223444433012332222333332
012322222333333012222222333332012333222333333013333222344333013333223444433013433323555433013433333565543013333333555543013333223444433012332222333332
012322222333333012222222333332012333222333333013333222333333013333223444433013433323555433013433333565543013333333555543013333223444433012332222333332
012322222333333012222222333332013333222333333013333222333333013333223454433013333323555433013433333565543013333333555543013333223444433012332222333332
012322222333332012222222333332013333222333333013333222333333013333223444433013433323555433013433333565543013333333555543013333223444433012332222333332
012322222333333012222222333332013333222333333013333222333333013333223444433013433223555433013433333565543013333233555543013333223444433012332222333332
012322222333333012222222333332013333222333333013333222344333013333223444433013433323555433013433333565543013333333555543013333223444433012332222333332
012322222333333012222222333332013333222333333013333222333333013333223444433013433323555433013333333565543013333333555543013333223444433012332222333332
012322222333333012222222333332013333222333333013333223333333013333223444433013433323555433013433333565543013333333555543013333223444433012332222333332
012222222333333012222222333332013333222333333013333222344333013333223444433013433333555433013433333565543013333333555543013333223444433012332222333332
012322222333333012222222333332013333222333333013333223343333013333223444433013433323555533013433333565543013333333555543013333223444433012332222333332
012322222333333012322222333332013333222333333013333223343333013333223444433013433323565533013433333565543013333333555543013333223444433012332222333332
012322222333333012222222333332013333222333333013333223344333013333223444433013433323565533013433333565543013333333555543013333223444433012332222333332
012322222333333012222222333332013333222333333013333223344333013333223444433013433323555533013433333565543013333333555543013333223444433012332222333332
