233333333333310233333332333310234443333333310334554333333310335665333343310335554333343310234554333343310234554333344310233443333333310233333332333310
233333333333310233333332333310234443333333310334554333333310335665333343310335554333343310234554333344310234554333344310233443333333310233333333333310
233333333333310233333333333310234443333333310334554333333310335665333333310335554333343310334554333343310234554333344310233443333333310233333333333310
233333333333310233333332333310234443333333310334554333333310335665333344310335554333343310334554333344310234554333344310233443333333310233333333333310
233333333333310233333332333310234443333333310334554333333310345655333344310335554333343310334554333344310234554333344310233443333333310233333333333310
233333333333310233333332333310234443333333310334554333333310335665333344310335554333344310334554333344310234554333344310233443333333310233333333333310
233333333333310233333332333310234443333333310334554333333310335665333344310335554333344310334554333344310234554333344310233443333333310233333333333310
233333333333310233333332333310234443333333310234554333333310335665333344310335554333343310334554333344310234554333344310233443333333310233333333333310
233333333333310233333332333310234443333333310334554333333310335665333344310335554333344310334554333343310234554333344310233443333333310233333333333310
233333333333310233333332333310234443333333310234554333333310335665333344310335554333344310334554333344310234554333344310233443333333310233333333333310
233333333333310233333332333310234443333333310234554333333310335555333344310335554333344310334554333344310234554333344310234443333333310233333333333310
233333333333310233333332333310234443333333310234554333333310335665333344310335554333343310334554333344310234554333344310233443333333310233333333333310
233333333333310233333332333310234443333333310334554333333310335665333344310335554333343310334554333344310334554333344310234443333333310233333333333310
233333333333310233333332333310234443333333310334554333333310335565333344310335554333343310334554333344310234554333344310233443333333310233333333333310
233333333333310233333332333310234444333333310334554333333310345565333344310335554333344310334554333344310334554333344310234443333333310233333333333310
233333333333310233333332333310234443333333310334554333333310335665333344310335554333343310334554333344310234554333344310233443333333310233333333333310
233333333333310233333332333310234443333333310334554333333310335665333344310335554333343310334554333344310234554333344310234443333333310233333333333310
233333333333310233333332333310234443333333310334554333333310335665333344310335554333344310334554333344310234554333344310234443333333310233333333333310
233333333333310233333332333310234443333333310234554333333310335665333344320335554333343320334554333344320234554333344320233443333333320233333332333310
233333333333320233333332333320234443333333320234444333333320235664333344320235554333344320234554333344320234554333344320233443333333320233333332333320
233333333333320233333332333320234443333333320234444333333320235554333344320235554333344320234554333344320234554333344320233443333333320233333332333320
233333333333320233333332333320234443333333320234443333333320235554333344320234554333344320234554333344320234544333344320233433333333320233333332333320
233333332333320233333332333320234443333333320234443333333320235554333344320234554333344320234554333344320234554333344320233443333344320233333332333320
233333333333320233333332333320234443333333320234444333333320235554333344320234554333344320234554333344320234554333344320233443333344320233333332333320
233333332333320233333332333320234443333333320234444333333320235564333344320234554333344320234554333344320234554333344320233433333333320233333322333210
233333332333310233333332333310234443332333310234454333333310235564333333310234554333333310234554333333310234443333333310233333332333310223333222222210
233333332333310233333332333310234443333333310234554333333310335564333333310334554333333310234554333333310234444333343310233333332333310223333222233210
233333332333310233333332333310234443333333310234554333333310335564333343320334554333343320234554333343320234544333344320233333333333310223333222233210
233333333333310233333332333310234443333333310234554333333320335554333344320334554333343320234554333344320234554333344320233333333333320223333222333210
233333333333310233333332333310234443333333320234554333333320335554333344320335554333343320234554333344320234554333344320233333333333320223333222333210
233333333333320233333332333320234444333333320234554333333320335554333344320334554333343320234554333344320234554333344320233333333333320223333222333210
233333333333320233333332333320234453333333320234554333333320335554333344320335554333344320234554333344320234554333344320233333333333320223333222333210
233333333333310233333332333310234453333333310234454333333320335554333344320334554333343320234554333344320234554333344320233333333333320223333222333210
233333333333310233333332333310234444333333320234544333333320335554333344320335554333344320334554333344320234554333344320233333333333320223333222333210
233333333333320233333332333320234444333333320334554333333320335654333344320335554333343320334554333344320234554333344320233333333333320223333222333210
233333333333320233333332333320234443333333320234554333333320335564333344320335554333344320234554333344320234554333344320233333333333320223333222333220
233343333333320233333332333320234444333333320234554333333320335654333344320334554333344320234554333344320234554333344320233333333333320223333222333220
233343333333320233333332333320234443333333320234554333333320335564333344320335554333344320234554333344320234554333344320233333333333320233333322333210
233343333333320233333332333320234444333333320234554333333320335564333344320335554333344320234554333344320234554333344320233333333333320223333322333220
233343333333320233333332333320234444333333320234554333333320335564333344320335554333344320234554333344320234554333344320233333333333320233333322333220
233343333333320233333332333320234444333333320234554333333320335664333344320335554333344320234554333344320234554333344320233333333333320233333222333220
233343333333320233333332333320234444333333320234554333333320345664333344320335554333344320234554333344320234554333344320233333333333320233333322333220
233343333333320233333332333320234454333333320234554333333320335564333344320335554333344320234554333344320234554333344320233333333333320233333332333220
233333333333320233333332333320234444333333320334554333333320335664333344320334554333344320234554333344320234554333344320233333333333320233333332333220
233333333333320233333332333320234444333333320334554333333320335665333344320335554333344320234554333344320234554333344320233433333333320233333322333320
233343333333320233333332333320234444333333320234554333333320335664333344320334554333344320234554333344320234554333344320233433333333320233333332333220
233343333333320233333332333320234444333333320234554333333320335564333344320335554333344320234554333344320234554333344320233433333333320233333332333220
233343333333320233333332333320234454333333320234554333333320335564333344320335554333344320234554333344320234554333344320233433333333320233333332333320
233333333333320233333333333320234454333333320234554333333320335554333344320335554333344320234554333344320234554333344320233443333333320233333332333320
233443333333320233333333333320234454333333320234554333333320335654333344320335554333344320234554333344320234554333344320233443333333320233333332333320
233343333333320233333333333320234454333333320234554333333320335564333344320335554333344320234554333344320234454333344320233443333333320233333332333320
233343333333320233333333333320234453333333320234554333333320335564333344320335554333344320234554333344320234554333344320233443333333320233333332333320
233343333333320233333333333320234444333333320234554333333320345564333344320235554333344320234554333344320234554333344320233333333333320233333332333320
233343333333320233333333333320234454333333320234554333333320335664333344320335554333344320234554333344320234554333344320233333333333320233333332333320
233343333333320233333333333320234454333333320234554333333320335664333344320335554333344320234554333344320234554333344320233433333333320233333332333320
233343333333320233333333333320234454333333320234554333333320335564333344320334554333344320234554333344320234554333344320233333333333320233333332333320
233343333333320233333333333320234444333333320234554333333320335564333344320335554333344320234554333344320234554333344320233433333333320233333332333320
233343333333320233333333333320234444333333320234554333333320335564333344320335554333344320234554333344320234554333344320233433333333320233333332333320
233443333333320233333333333320234444333333320234554333333320335564333344320335554333344320234554333344320234554333344320233443333333320233333332333320
233443333333320233333333333320234444333333320234554333333320335654333344320335554333344320234554333344320234554333344320233433333333320233333332333320
233343333333320233333333333320234444333333320334554333333320335664333344320335554333344320234554333344320234554333344320233433333333320233333332333320
233343333333320233333333333320234454333333320334554333333320335664333344320335554333344320234554333344320234554333344320233443333333320233333332333320
233343333333320233333333333320234443333333320234554333333320335664333344320335554333344320234554333344320234554333344320233443333333320233333332333320
233333333333320233333332333320234444333333320234554333333320235664333344320235554333344320234554333344320234554333344320233433333333320233333332333320
233343333333320233333332333320234454333333320234554333333320235564333344320234554333344320234554333344320234554333344320233333333333320223333222233210
233333333333310233333332333310234454333333320234554333333320235564333344320235554333344320234554333344320234444333344320233333332333310222332222222210
233333332333310233333332333310234454333333310234554333333310235564333333310234554333333310234554333333310234443333333310233333332333310222222222222210
233333332333310233333332333310234454332333310234554332333310235554333333310234554333333310234444333333310233443333333310233333332333210122222222222210
233343332333310233343332333310234454332333310234554332333310235554333333310234554332333310234443332333310233433332333310223333222233210122222222222200
233343332333200233333332333200234454332333310234554332333310235564332333310234554332333310234443332333310233333332333310223332222222200112222111111100
233443332333210233343332333210234454332333310234554332333310235554332333310234554332333310234443332333310233443332333310222332222222210111221111111100
233443332333200233343332333200234454332333310234554332333310235564332333310234554332333310234443332333310233443332333310223332222222210111221111111100
233443332333200233433332333200234454332333300234554332333310235564332333310234554332333310234443332333310233443332333310223333222222200112222111111100
233443332333200233443332333200234454332333300234554332333300235564332333310234554332333300234443332333310233443332333300223333222232200122222222222100
233443332333210233443332333210234454332333310234554332333310235564332333310234554332333310234443332333310233443332333310223333222233210122222222222210
233433332333210233443332333210234454332333310234554332333310235564333333310235554333333310234444332333310234443332333310233333332333210222222222222210
233333332333310233333332333210234444332333310234554332333310235564333333310235554333333310234544333333310234443333333310233333332333210222222222222210
233333332333310233333332333310234443332333310234554332333310235564333333310235554333333310234554333333310234443333333310233333332333310222322222222210
233333332333310233333332333310234443332333310234554333333310235564333333310235554333333310234554333333310234443333333310233333332333310223333222222210
233333332333310233333332333310234443332333310234554333333310335664333333310235554333333310234554333333310234544333333310233333332333310223333222222210
233333332333210233333332333210234443332333310234554333333310335664333333310335554333333310234554333333310234554333333310233333332333310223333222222210
233333332333210233333332333210234443332333310334554332333310335564333333310335554333333310234554333333310234544333333310233333332333210223333222222210
233333332333200233333332333200234443332333300334554332333300335664333333300335554333333300334554333333300234543333333300233333332333200223333222222200
233333332333200233333332333200234443332333200334544332333300335564333333300335554333333300334554333333300234544333333300233333332333200223333222222200
233333332333200233333332333200334443332333200334554332333200345564333333300335554333333300334554333333300334544333333300233333332333200223333222222200
233333332333200233333332333200334444332333200334554333333300335664333333300335554333333300334554333333300334544333333300233333332333200223333222222200
233343332333200233333332333200334454332333200334554333333300345564333333300335554333333300334554333333300334554333333300233333332333200223333222222200
233333332333200233333332333200334454332333300334554333333300345664333333300335554333333300334554333333300334544333333300233333332333200223333222222200
233343332333200233333332333200334454332333200334554333333200345664333333300335554333333300334554333333300334454333333300233333332333200223333222222200
233333332333210233333332333210334454333333310334554333333310345654333333310335554333333310334554333333310334554333333310233333332333210223333222222210
233333332333310233333332333210334454333333310334554333333310345664333333310335554333333310334554333333310334554333333310233333332333310223333222222210
123333332333332123333332233332123344432333332123334432333332123456533333432123455433333432123444432333432123334432333332123333332233332122222222222221
123333332333332123333332333332123344333333332123344433333332123456533333432123455433333432123444433333432123334432333332123333332233332122222222222222
123333332333332123333332333332123344432333332123344433333332123456543333432123455433333432123444433333432123344432333332123333332233332122222222222222
123333332333332123333332333332123344433333332123344433333332123456543333432123455433333432123344433333432123344432333332123333332233332122222222222222
123333333333332123333332333332123344433333332123344433333332123456543333432123455433333432123444433333432123344432333332123333332233332122222222222222
123333333333332123333332333332123344433333332123344433333332123456543333432123455443333432123444433333432123344433333332123333332333332122222222222222
123333333333332123333332333332123344433333332123344433333332123456543333432123455443333432123444433333432123344432333332123333332233332122222222222222
123333333333332123333332333332123344433333332123344433333332123456543333432123455433333432123444433333432123344432333332123333332233332122222222222222
123333333333332123333332333332123344433333332123444433333332123456543333432123455433333432123444433333432123344433333332123333332333332122222222222222
123333333333332123333333333332123344433333332123444433333332123456543333432123455433333432123444433333432123344433333332123333332333332122222222222222
123333333333332123333333333332123344433333332123444433333332123456543333432123455433333432123444433333432123344433333332123333332333332122222222222222
123333333333332123333333333332123344433333332123444433333332123456543333432123455443333432123444433333432123344433333332123333332333332122222222222222
123333333333332123333333333332123344433333332123444433333332123456543333432123455443333432123444433333432123344433333332123333332333332122222222222222
123333333333332123333333333332123344433333332123444433333332123456543333432123455433333432123444433333432123344433333332123333332333332122222222222222
123333333333332123333333333332123344433333332123444433333332123456543333432123455543333432123445433333432123444433333332123333332333332122222222222222
023333333333332023333333333332123344433333332123444433333332123456543333432123455543333432123445433333432123444433333332123333332333332022222222222222
023333333333332023333333333332023344433333332023444433333332023456543333432023455433333432023445433333432023444433333332023333332333332022222222222222
023333333333332023333333333332023344433333332023444433333332023456543333432023455443333432023444433333432023344433333332023333332333332022222222222222
023333333333332023333333333332023344433333332023444433333332023456543333432023455543333432023445433333432023344433333432023333332333332022222222222222
023333333333332023333333333332023344433333332023444433333332023456543333432023455443333432023445433333432023444433333432023333332333332022222222222222
023334333333332023333333333332023344433333332023444433333332023456543333432023455543333432023445433333432023444433333432023333332333332022222222222222
023334333333332023333333333332023344433333332023444433333332023456543333432023455543333432023445433333432023444433333432023333332333332022222222222222
023334333333332023333333333332023344433333332023444433333332023456543333432023455543333432023444433333432023444433333432023333332333332022222222222222
023334333333332023334333333332023344433333332023444433333332023456543333432023455543333432023445433333432023444433333332023333332333332022222222222222
023334333333332023334333333332023344433333332023444433333332023456543333432023455443333432023445433333432023444433333332023333332333332022222222222222
023333333333332023333333333332023444433333332023444433333332023456543333432023455543333432023444433333432023444433333432023333332333332022222222222222
023333333333332023333333333332023444433333332023444433333332023456543333432023455543333432023445433333432023444433333432023333332333332022222222222222
023334333333332023333333333332023444433333332023444433333332023456543333432023455443333432023445433333432023444433333432023333332333332022222222222222
023333333333332023333333333332023344433333332023444433333332023456543333432023455543333432023445433333432023444433333432023333332333332022222222222222
023333333333332023333333333332023444433333332023445433333332023456543333432023455443333432023445433333432023444433333432023333332333332022222222222222
023333333333332023334333333332023444433333332023444433333332023456543333432023455443333432023445433333432023444433333432023333332333332022222222222222
023334333333332023334333333332023444433333332023444433333332023556543333432023455443333432023445433333432023444433333432023333332333332022222222222222
023333333333332023333333333332023444433333332023444433333332023456543333432023455443333432023445433333432023444433333432023333332333332022222222222222
023334333333332023334333333332023444433333332023444433333332023456543333432023455533333432023445433333432023444433333432023333332333332022222222222222
023333333333332023334333333332023444433333332023444433333332023456543333432023455443333432023445433333432023444433333432023333332333332022222222222222
023334333333332023334333333332023444433333332023444433333432023456543333432023455543333432023445433333432023444433333432023333332333332022222222222222
023334333333332023334333333332023444433333332023445433333432023456543333432023455543333432023445433333432023444433333432023333332333332022222222222222
023334333333332023334333333332023444433333332023444433333332023556543333432023455543333532023445433333432023444433333432023333332333332022222222222222
023334333333332023334333333332023444433333332023444433333332023556543333432023455443333432023445433333432023444433333432023333332333332022222222222222
023334333333332023334333333332023444433333332023445433333332024556543333432023555443333432023445433333432023444433333432023333332333332022222222222222
023334333333332023333333333332023444433333332023444433333332023556543333432023455443333432023445433333432023444433333432023333332333332022222222222222
023334333333332023333333333332023444433333332023444433333332023456543333432023455443333432023444433333432023444433333432023333332333332022222222222222
223333322223220223333222222220233333333333320233333333333320233445333333320233455333333320233344333333320233344333333320223333332222220222222222222210
223333322223220223333222222220233333333333320233333333333320233445333333320233456333333320233344333333320233344333333320223333332223220222222222222210
223333332333320223333322222220233333333333320233333333333320233445333333320233456333333320233344333333320233344333333320223333332323220222222222222210
223333332333320223333322222220233333333333320233334333333320233445333333320233456333333320233344333333320233344333333320223333332223220222222222222210
233333332333320223333322323220233333333333320233334333333320233456333333320233456333333320233344333333320233344333333320223333332223220222222222222210
233333332333321223333322333321233333333333321233334333333321233456333333321233456333333321233344333333321233344333333321223333332323221222222222222211
233333332333321223333322333321233334333333321233334333333321233455333333321233455333333321233344333333321233344333333321223333333333321222222222222221
233333332333321223333332333321233344333333321233334333333321233456333333321233456333333321233444333333321233344333333321223333333333321222222222222221
233333333333321223333332333321233344333333321233344333333321233455333333321233455333333321233344333333321233344333333321223333333333321222222222222221
233333333333321233333332333321233344333333321233344333333321233456333333321233456333333321233444333333321233344333333321223333333333321222222222222221
233333333333321233333332333321233344333333321233344333333321233456333333321233455333333321233444333333321233344333333321223333333333321222222222222221
233333333333321233333333333321233344333333321233344333333321233456333333321233455333333321233444333333321233344333333321223333333333321222222222222221
233333333333321233333332333321233344333333321233344333333321233456333333321233455333333321233444333333321233344333333321223333333333321222222222222221
233333333333321233333333333321233344333333321233344333333321233456333333321233455333333321233444333333321233444333333321223333333333321222222222222221
233333333333321233333333333321233344333333321233344333333321233446333333321233455333333321233444333333321233444333333321223333333333321222222222222221
233333333333321233333333333321233344333333321233344333333321233456333333321233455333333321233444333333321233444333333321223333333333321222222222222221
233333333333321233333333333321233344333333321233344333333321233456333333321233456333333321233444333333321233444333333321223333333333321222222222222221
233333333333321233333333333321233344333333321233344333333321233455333333321233455333333321233344333333321233344333333321223333333333321222222222222221
233333333333321233333333333321233344333333321233344333333321233456333333321233455333333321233344333333321233344333333321223333333333321222222222222221
233333333333321233333333333321233344333333321233344333333321233456333333321233456333333321233444333333321233444333333321223333333333321222222222222221
233333333333321233333333333321233344333333321233344333333321233456333333321233456333333321233445333333321233344333333321223333333333321222222222222221
233333333333321233333333333321233344333333321233344333333321233456333333321233456433333321233445333333321233444333333321223333333333321222222222222221
233333333333321233333333333321233344333333321233344333333321233456333333321233456433333321233445333333321233344333333321223333333333321222222222222221
233333333333321233333333333321233344333333321233344333333321233456333333321233456433333321233445333333321233444333333321223333333333321222222222222221
233333333333321233333333333321233344333333321233344333333321233456333333421233456333333321233444333333321233444333333321223333333333321222222222222221
233333333333321233333333333321233344333333321233344333333321233456333333422233456433333322233444333333321233444333333321223333333333321222222222222221
233333333333321233333333333321233344333333321233344333333321233456333333422233456433333322233444333333321233444333333321223333333333321222222222222221
233333333333321233333333333321233344333333321233344333333322233455333333422233455433333322233444333333321233444333333321223333333333321222222222222221
233333333333321233333333333321233344333333322233344333333322233456333333422233455333333322233444333333322233444333333322223333333333321222222222222221
233333333333321233333333333321233344333333322233344333333322233456333334422233455333334322233444333333322233444333333322223333333333321222222222222221
233333333333321233333333333321233344333333322233444333333322233456333333422233455333333322233444333333322233444333333322223333333333321222222222222221
233333333333321233333333333321233344333333322233444333333322233456333334422233455333333322233445333333322233444333333321223333333333321222222222222221
233333333333321233333333333321233344333333322233444333333322233455333334422233455333333322233445333333322233444333333322223333333333321222222222222221
233333333333321233333333333321233344333333322233344333333322233455333334422233455433333322233445333333322233444333333321223333333333321222222222222221
233333333333321233333333333321233344333333322233344333333322233456333334422233456433333322233445333333322233444333333322223333333333321222222222222221
233333333333321233333333333321233344333333321233344333334322233455333333422233455333333322233445333333321233444333333321223333333333321222222222222221
233333333333322233333333333322233344333333322233344333334322233456333334422233455433333322233444333333322233444333333322223333333333321222222222222221
233333333333321233333332333321233344333333321233344333333321233446333333321233456333333321233444333333321233444333333321223333333333321222222222222221
223333322222210223333222222210233333333333210233333333333210233456333333310233456333333310233444333333310233344333333310223333332222210222222222222210
233333322222211223333222222211233333332222211233333332222211233455333222211233456333222211233445333222211233444333222211223333332222211222223222222211
233333322222210223333222222211233333332222211233333332222211333456333222211333456333222211233445332222211233344333222211233333332222211222223222222110
233333322222210223333222222210233333332222210233333332222210333455333322210334456333322210333444333222210233444333222210233333332222210222223222222210
233333322222210223333322222210233333332333210233333333333210233456333333310233456333333310233444333333310233444333333210223333332222210222223222222210
223333333333322223333333333322233344333334322233344333334332233445333334432233455333334332233344333333322233344333333322223333333333322222222222222221
223333332333332123333332333332223333333345432223333333345432223333333334432223333333334332223333333333332223333333333332122222222222222122222222222222
123333332333332123333322333332123333333355432123333333345432123333333334432123333333334332123333333333332123333333333332122222222222222112222222222221
123333332333332123333332333332123333333355432123333333345432123333333344432123333333334332123333333333332123333333333332122222222222222112222222222221
123333333333322123333333333322123343333345432123333333345432123344333344432123343333344332123333333333332123333333333322122222222222222112222222222221
223333333333322223333333333322233344333355432233344333345432233344333344432233344333344432223333333333332223333333333322122222222222222122222222222221
233333333333332233333333333332233344333355432233344333345432233344333344432233344333344332223333333333332223333333333322122222222222222122222222222221
223333333333322233333333333322233344333345432233344333345432233445333344432233344333344332223333333333332223333333333322122233322223222122222222222221
233333333333322233333333333322233344333345432233344333345432233445333344432233344333334332233334333333332223333333333322222333322223222122222222222221
233333333333322233333333333322233344333344432233344333344432233445333344432233445333344332233344333333332223333333333322222333332233222122222222222221
233333333333322233333333333322233344333345432233344333344432233445333344432233445333344332233344333333332233334333333322222333332233322122222222222221
012222222222222012222221222222012222222222222012222222222222123333333333433123334433334543123334533334543123334533334543123334433333433122333333333333
012222222222222012222222222222012222222222222022323322223332023334433334533023334433334533023335533334543023334533334533023333433333433022333333333332
022222222222222022222222222222022223222222322022333332233332023334433334432023335533334533023335433334433023334433334433023333333333332022333332223332
022222222222222122222222222222122222222222222123333322223322123334432333432123345533333432123345433333432123344433333432123333332333332122333332223322
122222222222222122222222222222122233322222222123333332223332123334433333432123345533333432123345533333432123345433333432123334333333332122333332223332
022222222222222022222222222222022233322222322023333332233332123334433334533123345533334533123345533333433123344533333433123333333333332122333332333332
022222222222222022222222222222022233322222322023333332333332023334433334533023445533334533023345533334533023344533334433023333433333332022333332333332
022222222222222022222222222222022233322222322123333332333332123334433334533123445533334533123345533334533123344533334433123334433333332123333332333332
022222222222222022222222222222022333322223322023333332333332123344433334533123445533334533123345533334533123345533334433123334433333332123333332333332
022222222222222022222222222222122333322223322123333332333332123345433334533123445533334533123445533334533123344533334433123334433333332123333332333332
122222222222222122222222222222122333322223322123333332333332123344433334533123445533334533123345533334533123345533334433123334433333332123333332333332
122222222222222122222222222222122333322223322123333332333332123345433334533123345533334533123345533334543123345533334433123334433333332123333332333332
122222222222222122222222222222122333322223322123333332333332123344433334533123445533334533123345533334533123345533334433123334433333332123333332333332
122222222222222122222222222222122333322223322123333332333332123345533334533123445533334533123445533334533123345533334433123334433333332123333332333332
122222222222222122222222222222122333322223322123333332333332123344433334533123345533334533123345533334533123345533334433123334433333332123333333333332
122222222222222122222222222222122333322223322123333332333332123344433334533123445533334533123445533334533123345533334433123334433333332123333333333332
122222222222222122222222222222122333322223322123333332333332123334433334533123445533334533123445533334533123345533334433123334433333332123333333333332
122222222222222122222222222222122333322223322123333332333332123344433334533123445533334533123445533334543123345533334433123334433333333123333333333332
122222222222222122222222222222122333322223322123333332333332123345433334533123445533334533123445533334533123344533334433123334433333433123333333333332
122222222222222122222222222222122333322223322123333332333332123344433334533123445533334533123445533334533123445533334433123334433333333123333333333332
122222222222222122222222222222122333322223322123333332333332123345433334533123445533334533123445533334533123345533334433123334433333433123333333333332
122222222222222122222222222222122333322223322123333332333332123345433334533123345533334533123345533334543123345533334433123334433333433123333333333332
122222222222222122222222222222122333322223322123333332333332123345433334533123445533334533123445533334533123345533334433123334433333433123333333333332
022222222222222122222222222222122333322223322123333332333332123344433334533123445533334533123445533334543123345533334433123334433333433123333333333332
022222222222222022222222222222122233322223322123333332333332123344433334533123345533334533123345533334533123345533334533123334433333433123333333333332
122222222222222122222222222222122333322223322123333332333332123345433334533123445533334533123445533334543123345533334533123334433333433123333333333332
122222222222222122222222222222122333322223322123333332333332123344433334533123445533334533123445533334543123345533334533123334433333433123333333333332
122222222222222122222222222222122333322223322123333332333332123335433334533123445533334533123445533334543123345533334533123334433333433123333333333332
122222222222222122222222222222122333322223322123333332333332123345433334533123445533334533123445533334543123345533334533123334433333433123333333333332
122222222222222122222222222222122333322223322123333332333332123345433334533123445533334533123345533334543123445533334533123334433333433123333333333332
122222222222222122222222222222122333322223322123333332333332123345433334533123345533334533123445533334543123345533334433123334433333433123333333333332
122222222222222122222222222222122333322223322123333332333332123345433334533123345533334533123445533334543123345533334533123334433333433123333333333332
122222222222222122222222222222122333322223322123333332333332123345433334533123445533334533123445533334543123345533334433123334433333433123333333333332
122222222222222122222222222222122233322222322123333332333332123334433334433123445533334533123345533333433123345533333433123334433333332123333333333332
122222222222222122222222222222122233322222222123333332233332123334433333432123345533333432123345533333432123345533333432123334333333332123333332333332
122222222222222122222222222222122233322222322123333332233332123334433333432123345533333432123345533333432123345533333432123334433333332123333333333332
122222222222222122222222222222122333322222322123333332333332123334433334432123345533333532123345533333432123345533333432123334433333332123333333333332
122222222222222122222222222222122333322222322123333332333332123334433334532123445533334533123345533333433123345533333433123334433333332123333333333332
122222222222222122222222222222122333322223322123333332333332123334433334433123345533334533123345533334433123345533334433123334433333332123333333333332
122222222222222122222222222222123333322223322123333332333332123334433334533123445533334533123445533334433123345433334433123334433333332123333333333332
122222222222222122222222222222123333322223322123333332333332123344433334532123445533334533123445533334533123345533334433123334433333332123333333333332
022222222222222122222222222222122333322223332123333332333332123344433335533123345433334533123345533334533123345533334433123334433333332123333333333332
022222222222222022222222222222122333322223332123333332333332123334433335533123345433334533123345533334533123345433334433123334333333432122333333333332
022222222222222022222222222222022333332233332023333332333332023334433335533023345433335533023345533334533023344433334433023334333333433022333333333332
022222222222222022222222222222023333332233332023333332333332023345433335533023345433334533023345433334533023344433334433023334333333433022333333333332
022222222222222022222222222222023333332233332023333332333332023345433335533023345433335533023345533334533023344433334533023334333333433022333333333332
022222222222222022222222222222023333332233332023333332333332023345433335533023345433334533023345533334533023345433334433023334333333332023333333333332
