222332222233222222222222222222223332222333322223333222333322223443333444332233563333565432233563333565432233453333455432223333232333322222332222333222
222332222233222222222222222222223332222333322223333222333322223443333444332233563333565432233553333565432233453333455432223333232333322222332222333222
222332222233222222222222222222223332222333322223333222333322223443333444332233563333565432233553333565432233453333454432223333232333322222332222333222
222332222233222222222222222222223332222333322223333222333322223443333444332233563333565432233553333565432233453333455332223333232333322222332222333222
222332222233222222222222222222223332222333322223333222333322223443333444332233563333565432233553333565432233453333454332223333232333322222332222333222
222332222233222222222222222222223332222333322223333222333322223443333444332233563333565432233563333565432233453333454332223333232333322222332222333222
222332222233222222222222222222223332222333322223333222333322223443333444332233563333565432233553333565432233453333454332223333232333322222332222333222
222332222232222222222222222222223332222333322223333222333322223443333454332233563333565432233563333565432233453333454432223333232333322222332222333222
222332222233222222222222222222223332222333322223333222333322223443333444332233563333565432233553333565432233453333455432223333232333322222332222333222
222332222233222222222222222222223332222333322223333222333322223443333444332233563333565432233563333565432233453333454332223333232333322222332222333222
222332222233222222222222222222223332222333322223333222333322223443333444332233563333565432233563333565432233453333454432223333232333322222332222333222
222232222233222222222222222222223332222333322223333222333322223443333444332233563333565432233563333565432233453333455432223333232333322222332222333222
222332222233222222222222222222223332222333322223333222333322223443333444332233563333565432233563333565432233453333455432223333232333322222332222333222
222332222232222222222222222222223332222333322223333222333322223443333444332233563333565432233563333565432233453333455332223333232333322222332222333222
222332222233222222222222222222223332222333322223333222333322223443333444332233563333565432233563333565432233453333455432223333232333322222332222333222
222332222232222222222222222222223332222333322223333222333322223443333454332233563333565432233563333565432233453333455432223333232333322222332222333222
222232222232222222222222222222223332222333322223333222333322223443333444332233563333565432233553333565432223453333455432223333232333322222332222333222
222232222232222222222222222222223332222333322223333222333322223443333444332233563333565432233563333565432233453333454432223333232333322222332222333222
222232222232222222222222222222223332222333322223333222333322223443333444332233563333565432233553333565432233453333454432223333232333322222332222333222
222232222232222222222222222222223332222333322223333222333322223443333444332233563333565432233553333565432233453333455432223333232333322222332222333222
222232222232222222222222222222223332222333322223333222333322223443333444332233563333565432233563333565432233453333454332223333232333322222332222333222
222232222232222222222222222222223332222333322223333222333322223443333444332233563333565432233553333565432233453333454432223333232333322222332222333222
222232222232222222222222222222223332222333322223333222333322223443333454332233563333565432233553333565432233453333454432223333232333322222332222333222
222232222232222222222222222222223332222333322223333222333322223443333444332233563333565432233563333565432233453333455332223333232333322222332222333222
222232222232222222222222222222223332222333322223333222333322223443333444332233563333565432233563333565432233453333455432223333232333322222332222333222
222232222232222222222222222222223332222333322223333222333322223443333444332233563333565432233553333565432233453333454432223333232333322222332222333222
222232222232222222222222222222223332222333322223333222333322223443333444332233563333565432233563333565432233453333455432223333232333322222332222333222
222232222232222222222222222222223332222333322223333222333322223443333444332233563333565432233563333565432233453333455432223333232333322222332222333222
222232222232222222222222222222223332222333322223333222333322223443333444332233563333565432233553333565432233453333455432223333232333322222332222333222
222232222232222222222222222222223332222333322223333222333322223443333344332233563333565432233563333565432233453333455432223333232333322222332222333222
222232222232222222222222222222223332222333322223333222333322223443333444332233563333565432233563333565432233453333455432223333232333322222332222333222
222232222232222222222222222222223332222333322223333222333322223443333444332233563333565432233553333565432233453333455432223333232333322222332222333222
222232222232222222222222222222223332222333322223333222333322223443333444332233563333565432233553333565432233453333454432223333232333322222332222333222
222232222232222222222222222222223332222333322223333222333322223443333444332233563333565432233553333565432233453333454432223333232333322222332222333222
222232222232222222222222222222223332222333322223333222333322223443333444332233563333565432233553333565432233453333455432223333232333322222332222333222
222232222232222222222222222222223332222333322223333222333322223443333444332233563333565432233553333565432233453333455432223333232333322222332222333222
222232222232222222222222222222223332222333322223333222333322223443333444332233563333565432233563333565432233453333455432223333232333322222332222333222
222232222232222222222222222222223332222333322223333222333322223443333444332233563333565432233553333565432233453333454432223333232333322222332222333222
222232222232222222222222222222223332222333322223333222333322223443333454332233563333565432233563333565432233453333454332223333232333322222332222333222
222232222232222222222222222222223332222333322223333222333322223443333444332233563333565432233563333565432233453333455432223333232333322222332222333222
222222222232222222222222222222223332222333322223333222333322223443333444332233563333565432233563333565432233453333455432223333232333322222332222333222
222232222232222222222222222222223332222333322223333222333322223443333444332233563333565432233563333565432233453333455432223333232333322222332222333222
222232222232222222222222222222223332222333322223333222333322223443333444332233563333565432233563333565432233453333455432223333232333322222332222333222
222232222232222222222222222222223332222333322223333222333322223443333444332233563333565432233563333565432233453333455432223333232333322222332222333222
222232222232222222222222222222223332222333322223333222333322223443333444332233563333565432233563333565432233453333455432223333232333322222332222333222
222332222232222222222222222222223332222333322223333222333322223443333444332233563333565432233553333565432233453333455432223333232333322222332222333222
222232222232222222222222222222223332222333322223333222333322223443333454332233563333565432233563333565432233453333455432223333232333322222332222333222
222332222232222222222222222222223332222333322223333222333322223443333444332233563333565432233553333565432233453333455432223333232333322222332222333222
222232222232222222222222222222223332222333322223333222333322223443333444332233563333565432233553333565432233453333454432223333232333322222332222333222
222232222232222222222222222222223332222333322223333222333322223443333444332233563333565432233553333565432233453333455432223333232333322222332222333222
222232222233222222222222222222223332222333322223333222333322223443333444332233563333565432233553333565432233453333454432223333232333322222332222333222
222232222232222222222222222222223332222333322223333222333322223443333444332233563333565432233563333565432233453333455432223333232333322222332222333222
222232222232222222222222222222223332222333322223333222333322223443333454332233563333565432233553333565432233453333455432223333232333322222332222333222
222232222232222222222222222222223332222333322223333222333322223443333454332233563333565432233563333565432233453333455432223333332333322222332222333222
222232222232222222222222222222223332222333322223333222333322223443333454332233563333565432233563333565432233453333455432223333332333322222332222333222
222232222232222222222222222222223332222333322223333222333322223443333444332233563333565432233553333565432233443333455432223333333333322222332222333322
222232222232222222222222222222223332222333322223333222333322223443333444332233563333565432233563333565432233453333454432223333232333322222332222333322
222332222233222222222222222222223332222333322223333222333322223443333444332233563333565432233563333565432233453333455432223333232333322222332222333322
222332222232222222222222222222223332222333322223333222333322223443333444332233563333565432233563333565432233453333455432223333232333322222332222333222
222232222233222222222222222222223332222333322223333222333322223443333444332233563333565432233563333565432233453333455432223333232333322222332222333322
222332222233222222222222222222223332222333322223333222333322223443333444332233563333565432233563333565432233453333455432223333232333322222332222333322
222332222233222222222222222222223332222333322223333222333322223443333444332233563333565432233553333565432233453333455432223333332333322222332222333322
222332222233222222222222222222223332222333322223333222333322223443333444332233563333565432233553333565432233453333455432223333332333322222332222333322
222232222233222222222222222222223332222333322223333222333322223443333444332233563333565432233563333565432233453333454432223333332333322222332222333322
222232222233222222222222222222223332222333322223333222333322223443333444332233563333565432233553333565432233453333455432223333332333322222332222333222
222332222233222222222222222222223332222333322223333222333322223443333444332233563333565432233563333565432233453333455432223333332333322222332222333322
222332222233222222222222222222223332222333322223333222333322223443333444332233563333565432233563333565432233453333454432223333232333322222332222333322
222232222232222222222222222222223332222333322223333222333322223443333454332233563333565432233563333565432233453333455432223333332333322222332222333322
222332222232222222222222222222223332222333322223333222333322223443333444332233563333565432233563333565432233453333455332223333332333322222332222333322
222332222232222222222222222222223332222333322223333222333322223443333454332233563333565432233553333565432233453333455432223333333333322222332222333322
222332222232222222222222222222223332222333322223333222333322223443333444332233563333565432233563333565432233453333454432223333333333322222332222333322
222232222232222222222222222222223332222333322223333222333322223443333444332233563333565432233563333565432233453333455432223333332333322222332222333322
222232222232222222222222222222223332222333322223333222333322223443333444332233563333565432233563333565432233453333455432223333232333322222332222333322
222232222232222222222222222222223332222333322223333222333322223443333454332233563333565432233563333565432233453333455432223333332333332222332222333322
222232222232222222222222222222223332222333322223333222333322223443333444332233563333565432233563333565432233453333455432223333232333332222332222333322
222332222232222222222222222222223332222333322223333222333322223443333454332233563333565432233563333565432233453333455432223333332333332222332222333322
222232222232222222222222222222223332222333322223333222333322223443333444332233563333565432233553333565432233453333455432223333332333322222332222333322
222232222233222222222222222222223332222333322223333222333322233443333444332233563333565432233553333565432233453333455432223333332333322222332222333322
222232222233222222222222222222223332222333322223333222333322223443333444332233563333565432233563333565432233453333455432223333332333322222332222333322
222232222232222222222222222222223332222333322223333222333322223443333454332233563333565432233563333565432233453333455432223333332333322222332222333322
222232222233222222222222222222223332222333322223333222333322223443333454332233563333565432233563333565432233453333455432223333333333332222332222333322
222232222232222222222222222222223332222333322223333222333322223443333444332233563333565432233553333565432233453333455432223333333333332222332222333322
222232222232222222222222222222223332222333322223333222333322223443333454332233563333565432233563333565432233453333455432223333333333332222332222333322
222232222232222222222222222222223332222333322223333222333322223443333454332233563333565432233563333565432233453333455432223333333333332222332222333322
222232222232222222222222222222223332222333322223333222333322223443333454332233563333565432233563333565432233453333455432223333333333332222332222333322
222232222232222222222222222222223332222333322223333222333322223443333444332233563333565432233563333565432233453333455432223333333333332222332222333322
222232222232222222222222222222223332222333322223333222333322223443333444332233563333565432233563333565432233453333455432223333332333332222332222333322
222232222232222222222222222222223332222333322223333222333322223443333454332233563333565432233563333565432233453333455432223333332333332222332222333322
222232222232222222222222222222223332222333322223333222333322223443333444332233563333565432233563333565432233453333455432223333332333332222332222333322
222232222232222222222222222222223332222333322223333222333322223443333454332233563333565432233563333565432233453333455432223333333333332222332222333322
222232222232222222222222222222223332222333322223333222333322223443333444332233563333565432233563333565432233453333455432223333332333332222332222333322
222232222232222222222222222222223332222333322223333222333322233443333444332233563333565432233563333565432233453333455432223333333333332222332222333322
222232222232222222222222222222223332222333322223333222333322233443333444332233563333565432233563333565432233453333454432223333333333322222332222333322
222222222232222222222222222222223332222333322223333222333322233443333444332233563333565432233553333565432233453333455432223333333333322222332222333322
222222222232222222222222222222223332222333322223333222333322223443333444332233563333565432233553333565432233453333455432223333333333322222332222333322
222232222232222222222222222222223332222333322223333222333322223443333444332233563333565432233563333565432233453333455432223333333333322222332222333322
222232222232222222222222222222223332222333322223333222333322233443333444332233563333565432233563333565432233453333455432223333333333322222332222333322
222232222232222222222222222222223332222333322223333222333322233443333444332233563333565432233553333565432233453333455432223333333333322222332222333322
222232222232222222222222222222223332222333322223333232333322233443333444332233563333565432233563333565432233453333455432223333333333332222332222333322
222332222232222222222222222222223332222333322223333222333322233443333444332233563333565432233563333565432233553333455432223333333333332222332222333322
222332222233222222222222222222223332222333322223333232333322233443333444332233563333565432233563333565432233453333455432223333333333322222332222333322
222332222233222222222222222222223332222333322223333222333322233443333444332233563333565432233563333565432233553333455432223333333333332222332222333322
222232222233222222222222222222223332222333322223333222333322233443333444332233563333565432233563333565432233453333455432223333333333332222332222333322
222332222233222222222222222222223332222333322223333232333322233443333444332233563333565432233563333565432233453333455432223333333333332222332222333322
222332222233222222222222222222223332222333322223333222333322233443333444332233563333565432233563333565432233553333455432223333333333332222332222333322
222332222233222222222222222222223332222333322223333222333322233443333454332233563333565432233563333565432233553333455432223333333333332222332222333322
222332222233222222222222222222223332222333322223333222333322233443333444332233563333565432233563333565432233453333455432223333333333332222332222333322
222332222233222222222222222222223332222333322223333222333322233443333444332233563333565432233553333565432233553333455432223333333333332222332222333322
222232222233222222222222222222223332222333322223333222333322233443333444332233563333565432233563333565432233453333455432223333333333322222332222333322
222332222233222222222222222222223332222333322223333222333322233443333454332233563333565432233563333565432233553333455432223333333333322222332222333322
222332222233222222222222222222223332222333322223333222333322233443333454332233563333565432233563333565432233553333455432223333333333322222332222333322
222232222233222222222222222222223332222333322223333222333322233443333454332233563333565432233563333565432233453333455432223333333333322222332222333322
222332222232222222222222222222223332222333322223333222333322233443333454332233563333565432233553333565432233553333454432223333333333322222332222333322
222332222232222222222222222222223332222333322223333222333322233443333454332233563333565432233563333565432233553333455432223333332333322222332222333322
222332222232222222222222222222223332222333322223333232333322233443333454332233563333565432233563333565432233553333455432223333333333322222332222333322
222332222232222222222222222222223332222333322223333232333322233443333454332233563333565432233563333565432233553333455432223333333333322222332222333322
222332222232222222222222222222223332222333322223333222333322233443333444332233563333565432233563333565432233453333455432223333333333322222332222333322
222332222233222222222222222222223332222333322223333222333322233443333454332233563333565432233563333565432233453333455432223333333333332222332222333322
222332222233222222222222222222223332222333322223333222333322233443333454332233563333565432233563333565432233453333455432223333333333322222332222333322
222332222233222222222222222222223332222333322223333232333322233443333444332233563333565432233563333565432233453333455432223333333333322222332222333322
222332222232222222222222222222223332222333322223333222333322233443333454332233563333565432233563333565432233453333455432223333333333322222332222333322
222332222232222222222222222222223332222333322223333232333322233443333444332233563333565432233563333565432233453333455432223333333333322222332222333322
222232222233222222222222222222223332222333322223333222333322233443333444332233563333565432233553333565432233453333455432223333333333322222332222333322
222232222232222222222222222222223332222333322223333222333322233443333444332233563333565432233563333565432233453333455432223333333333322222332222333322
222232222233222222222222222222223332222333322223333222333322233443333454332233563333565432233553333565432233553333455432223333333333322222332222333322
222332222233222222222222222222223332222333322223333222333322233443333454332233563333565432233563333565432233453333455432223333333333322222332222333322
222332222233222222222222222222223332222333322223333232333322233443333444332233563333565432233563333565432233453333455432223333333333322222332222333322
222332222233222222222222222222223332222333322223333232333322233443333454332233563333565432233563333565432233553333455432223333333333322222332222333322
222332222233222222222222222222223332222333322223333222333322233443333454332233563333565432233563333565432233553333455432223333333333322222332222333322
222332222233222222222222222222223332222333322223333232333322233443333454332233563333565432233553333565432233553333455432223333333333322222332222333322
222332222233222222222222222222223332222333322223333222333322233443333454332233563333565432233563333565432233553333455432223333333333322222332222333322
222332222232222222222222222222223332222333322223333222333322233443333444332233563333565432233563333565432233553333455432223333333333322222332222333322
222332222232222222222222222222223332222333322223333222333322233443333454332233563333565432233553333565432233553333455432223333333333322222332222333322
222332222233222222222222222222223332222333322223333222333322233443333454332233563333565432233553333565432233453333455432223333333333332222332222333322
222332222233222222222222222222223332222333322223333222333322233443333444332233563333565432233553333565432233453333455432223333333333322222332222333322
222332222233222222222222222222223332222333322223333222333322233443333454332233563333565432233563333565432233453333455432223333333333322222332222333322
222332222233222222222222222222223332222333322223333222333322233443333454332233563333565432233563333565432233553333455432223333333333322222332222333322
222332222233222222222222222222223332222333322223333232333322233443333444332233563333565432233553333565432233453333455432223333333333322222332222333322
222332222233222222222222222222223332222333322223333232333322233443333444332233563333565432233563333565432233553333455432223333333333332222332222333322
222232222233222222222222222222223332222333322223333232333322233443333444332233563333565432233553333565432233453333455432223333333333332222332222333322
222332222233222222222222222222223332222333322223333232333322233443333444332233563333565432233563333565432233553333455432223333333333322222332222333322
222332222233222222222222222222223332222333322223333232333322233443333454332233563333565432233563333565432233553333455432223333333333322222332222333322
222332222233222222222222222222223332222333322223333232333322233443333444332233563333565432233563333565432233453333455432223333333333322222332222333322
222332222233222222222222222222223332222333322223333232333322233443333454332233563333565432233563333565432233553333455432223333333333332222332222333322
222332222233222222222222222222223332222333322223333222333322233443333454332233563333565432233553333565432233553333455432223333333333332222332222333322
222332222233222222222222222222223332222333322223333232333322233443333454332233563333565432233563333565432233553333455432223333333333332222332222333322
222332222233222222222222222222223332222333322223333232333322233443333454332233563333565432233553333565432233553333455432223333333333332222332222333322
222332222233222222222222222222223332222333322223333222333322233443333444332233563333565432233563333565432233553333455432223333333333332222332222333322
222332222233222222222222222222223332222333322223333232333322233443333444332233563333565432233563333565432233553333455432223333333333332222332222333322
222332222233222222222222222222223332222333322223333222333322233443333444332233563333565432233563333565432233453333455432223333333333332222332222333322
222332222233222222222222222222223332222333322223333232333322233443333454332233563333565432233563333565432233553333455432223333333333332222332222333322
222332222233222222222222222222223332222333322223333232333322233443333454332233563333565432233563333565432233453333455432223333333333322222332222333322
222332222233222222222222222222223332222333322223333232333322233443333454332233563333565432233553333565432233453333455432223333333333332222332222333322
222332222233222222222222222222223332222333322223333232333322233443333454332233563333565432233563333565432233553333455432223333333333322222332222333322
222332222333222222222222222222223332222333322223333232333322233443333444332233563333565432233563333565432233453333455432223333333333322222332222333322
222332222233222222222222222222223332222333322223333232333322233443333454332233563333565432233563333565432233553333455432223333333333332222332222333322
222332222233222222222222222222223332222333322223333232333322233443333454332233563333565432233563333565432233453333455432223333333333332222332222333322
222332222233222222222222222222223332222333322223333232333322233443333454332233563333565432233563333565432233553333455432223333333333332222332222333322
222332222233222222222222222222223332222333322223333232333322233443333454332233563333565432233563333565432233553333455432223333333333332222332222333322
222332222333222222222222222222223332222333322223333232333322233443333454332233563333565432233563333565432233453333455432223333333333332222332222333322
222332222233222222222222222222223332222333322223333232333322233443333454332233563333565432233563333565432233553333455432223333333333332222332222333322
222332222333222222222222222222223332222333322223333232333322233443333444332233563333565432233563333565432233453333455432223333333333332222332222333322
222332222233222222222222222222223332222333322223333232333322233443333454332233563333565432233553333565432233453333455432223333333333332222332222333322
222332222333222222222222222222223332222333322223333222333322233443333454332233563333565432233563333565432233453333455432223333333333332222332222333322
222332222233222222222222222222223332222333322223333232333322233443333444332233563333565432233563333565432233453333455432223333333333332222332222333322
222332222233222222222222222222223332222333322223333232333322233443333454332233563333565432233563333565432233553333455432223333333333332222332222333322
222332222333222222222222222222223332222333322223333232333322233443333454332233563333565432233563333565432233453333455432223333333333332222332222333322
222332222333222222222222222222223332222333322223333232333322233443333454332233563333565432233553333565432233553333455432223333333333332222332222333322
222332222333222222222222222222223332222333322223333232333322233443333444332233563333565432233563333565432233553333455432223333333333332222332222333322
222332222333222222222222222222223332222333322223333232333322233443333454332233563333565432233553333565432233453333455432223333333333332222332222333322
222332222333222222222222222222223332222333322223333232333322233443333454332233563333565432233563333565432233553333455432223333333333332222332222333322
222332222233222222222222222222223332222333322223333232333322233443333444332233563333565432233563333565432233553333455432223333333333332222332222333322
222332222233222222222222222222223332222333322223333232333322233443333454332233563333565432233563333565432233453333455432223333333333332222332222333322
222332222233222222222222222222223332222333322223333232333322233443333454332233563333565432233563333565432233553333455432223333333333332222332222333322
222332222233222222222222222222223332222333322223333232333322233443333454332233563333565432233563333565432233553333455432223333333333332222332222333322
222332222233222222222222222222223332222333322223333232333322233443333454332233563333565432233563333565432233553333455432223333333333332222332222333322
222332222333222222222222222222223333222333322223333232333322233443333454332233563333565432233563333565432233553333455432223333333333332222332222333322
222332222333222222222222222222223332222333322223333232333322233443333444332233563333565432233553333565432233553333455432223333333333332222332222333322
222332222233222222222222222222223332222333322223333232333322233443333454332233563333565432233563333565432233453333455432223333333333332222332222333322
222332222333222222222222222222223332222333322223333232333322233443333444332233563333565432233563333565432233453333455432223333333333332222332222333322
222332222333222222222222222222223332222333322223333232333322233443333454332233563333565432233563333565432233453333455432223333333333332222332222333322
222332222333222222222222222222223332222333322223333232333322233443333444332233563333565432233563333565432233453333455432223333333333332222332222333322
222332222333222222222222222222223332222333322223333232333322233443333454332233563333565432233563333565432233453333455432223333333333332222332222333322
222332222333222222222222222222223333222333322223333232333322233443333444332233563333565432233563333565432233453333455432223333333333332222332222333322
222332222333222222222222222222223332222333322223333232333322233443333454332233563333565432233563333565432233553333455432223333333333332222332222333322
222332222333222222222222222222223332222333322223333232333322233443333454332233563333565432233563333565432233553333455432223333333333332222332222333322
222332222233222222222222222222223332222333322223333232333322233443333454332233563333565432233563333565432233553333455432223333333333332222332222333322
222332222233222222222222222222223332222333322223333232333322233443333454332233563333565432233563333565432233553333455432223333333333332222332222333322
222332222233222222222222222222223332222333322223333232333322233443333454332233563333565432233563333565432233553333455432223333333333332222332222333322
222332222333222222222222222222223332222333322223333232333322233443333454332233563333565432233563333565432233553333455432223333333333332222332222333322
222332222233222222222222222222223332222333322223333232333322233443333454332233563333565432233563333565432233553333455432223333333333332222332222333322
222332222233222222222222222222223332222333322223333232333322233443333444332233563333565432233563333565432233553333455432223333333333332222332222333322
222332222233222222222222222222223332222333322223333232333322233443333454332233563333565432233563333565432233553333455432223333333333332222332222333322
222332222233222222222222222222223332222333322223333232333322233443333444332233563333565432233563333565432233453333455432223333333333332222332222333322
222332222233222222222222222222223332222333322223333232333322233443333444332233563333565432233563333565432233453333455432223333333333332222332222333322
222332222233222222222222222222223332222333322223333232333322233443333454332233563333565432233563333565432233453333455432223333333333332222332222333322
222332222333222222222222222222223332222333322223333232333322233443333454332233563333565432233563333565432233453333455432223333333333332222332222333322
222332222233222222222222222222223332222333322223333232333322233443333454332233563333565432233563333565432233453333455432223333333333332222332222333322
222332222233222222222222222222223332222333322223333232333322233443333454332233563333565432233563333565432233453333454432223333333333332222332222333322
222332222233222222222222222222223332222333322223333222333322233443333444332233563333565432233563333565432233553333455432223333333333332222332222333322
222332222233222222222222222222223332222333322223333222333322233443333454332233563333565432233563333565432233553333455432223333333333332222332222333322
222332222233222222222222222222223332222333322223333232333322233443333444332233563333565432233563333565432233553333455432223333333333332222332222333322
222332222233222222222222222222223332222333322223333232333322233443333444332233563333565432233563333565432233553333455432223333333333332222332222333322
222332222233222222222222222222223332222333322223333222333322233443333454332233563333565432233563333565432233553333455432223333333333332222332222333322
222332222233222222222222222222223332222333322223333232333322233443333454332233563333565432233563333565432233553333455432223333333333332222332222333322
222332222233222222222222222222223333222333322223333232333322233443333454332233563333565432233563333565432233553333455432223333333333332222332222333322
222332222233222222222222222222223332222333322223333222333322233443333444332233563333565432233563333565432233453333455432223333333333332222332222333322
222332222233222222222222222222223332222333322223333222333322233443333454332233563333565432233563333565432233553333455432223333333333332222332222333322
222332222233222222222222222222223332222333322223333232333322233443333444332233563333565432233563333565432233453333455432223333333333332222332222333322
222332222233222222222222222222223332222333322223333232333322233443333454332233563333565432233563333565432233453333455432223333333333332222332222333322
222332222333222222222222222222223332222333322223333232333322233443333444332233563333565432233563333565432233453333455432223333333333332222332222333322
222332222333222222222222222222223332222333322223333232333322233443333444332233563333565432233563333565432233453333455432223333333333332222332222333322
222332222333222222222222222222223332222333322223333232333322233443333454332233563333565432233563333565432233453333455432223333333333332222332222333322
222332222333222222222222222222223332222333322223333232333322233443333454332233563333565432233563333565432233453333455432223333333333332222332222333322
222332222233222222222222222222223332222333322223333232333322233443333454332233563333565432233563333565432233453333455432223333333333332222332222333322
222332222333222222222222222222223333222333322223333232333322233443333454332233563333565432233563333565432233553333455432223333333333332222332222333322
222332222333222222222222222222223332222333322223333232333322233443333454332233563333565432233563333565432233553333455432223333333333332222332222333322
222332222333222222222222222222223332222333322223333232333322233443333454332233563333565432233563333565432233553333455432223333333333332222332222333322
222332222333222222222222222222223332222333322223333232333322233443333454332233563333565432233563333565432233553333455432223333333333332222332222333322
222332222333222222222222222222223332222333322223333232333322233443333454332233563333565432233563333565432233553333455432223333333333332222332222333322
222332222333222222222222222222223333222333322223333232333322233443333454332233563333565432233563333565432233553333455432223333333333332222332222333322
222332222333222222222222222222223332222333322223333232333322233443333444332233563333565432233553333565432233553333455432223333333343332222332222333322
222332222333222222222222222222223332222333322223333232333322233443333454332233563333565432233563333565432233553333455432223333333333332222332222333322
222332222333322122332222333322223333222344332223453323355432223553323355432223443322344432223333222333332122333222333322112222211222221000000000000000
222332222333322122332222333322223333222344332223453323355432223553323355432223443322344432223333222333332222333222333322112222211222221000000000000000
222332222333322122332222333322223333222344332223453323455432223553323455432223443322344332223333222333332222333222333322112222212222221000000000000000
222332222333322122332222333322223333222344332223453323355432223553323355432223443322344432223333222333332222333222333322112222212222221000000000000000
222332222333322222332222333322223333222344332223453322355432223553323355432223443322344432223333222333332222333222333322112222211222221000000000000000
222332222333322222332222333322223333222344332223453322455432223553323455432223443322344332223333222333332222333222333322112222211222221000000000000000
222332222333322222332222333322223333222344332223453322455432223553323455432223443322344432223333222333332222333222333322112222212222221000000000000000
222332222333322222332222333322223333222344332223453323455432223553323455432223443322344432223333222333332222333222333322112222212222221000000000000000
222332222333322222332222333322223333222344332223453323455432223553323455432223443322344432223333222333332222333222333322112222212222221000000000000000
222332222333322222332222333322223333222344332223453323455432223553323355432223443322344432223333222333332222333222333322112222212222221000000000000000
222332222333322222332222333322223333222344332223453322455432223553323455432223443322344432223333222333332222333222333322112222212222221000000000000000
222332222333322222332222333322223333222344332223453323455432223453323455432223443322344432223333222333332222333222333322112222212222221000000000000000
222332222333322222332222333322223333222344332223453323455432223553323455432223443322344432223333222333332222333222333322112222212222221000000000000000
222332222333322222332222333322223333222344332223453323455432223453323455432223443322344332223333222333332222333222333322112222212222221000000000000000
222332222333322222332222333322223343222344332223453323455432223553323455432223443322344332223333222333332222333222333322112222212222221000000000000000
222332222333322222332222333322223343222344332223453323455432223553323455432223443322344432223333322333332222333222333322112222212222221000000000000000
222332222333322222332222333322223333222344332223453323455432223553323455432223443322344332223333222333332222333222333322112222212222221000000000000000
222332222333322222332222333322223343222344332223453323455432223553323455432223443322344432223333322333332222333222333322112222212222221000000000000000
222332222333322222332222333322223333222344332223453323455432223553323455432223343323344432223333322333332222333222333322112222212222221000000000000000
222332222333322222332222333322223333222344332223453323355432223553323355432223443323344432223333322333332223333222333322112222212222221000000000000000
222332222333322222332222333322223343222344332223453323455432223553323455432223443323344432223333322333332222333222333322112222212222221000000000000000
222332222333322222332222333322223333322344332223453323455432223553323455432223443323344432223333322343332223333222333322112222212222221000000000000000
222332222333322222332222333322223333222344332223453323455432223553323455432223443323344332223333222343332223333222333322112222212222221000000000000000
222332222333322222332222333322223343222344322223453323455432223553323455432223443322344332223333222343332223333222333322112222212222221000000000000000
222332222333322222332222333322223333222344322223453323355432223553323455432223443322344332223333222333322223333222333322112222211222221000000000000000
222332222333322223332222333322223343222344322223453323455432223553323455432223443323344332223333222333322223333222333322112222211222211000000000000000
222332222333322223332222333322223343322344322223453323455432223553323455432223443323344332223333322333332223333222333322112222212222221000000000000000
223332222333322223332222333322223343322344322223453323455432223553323455432223443323344332223333322333332223333222333322112222212222221000000000000000
223332222333322223333222333322223343322344322223553323455432223553323455432223443323344432223333322333332223333222333322112222212222221000000000000000
223332222333322223333222333322223343322344332223453323455432223553323455432223443323344332223333322333332223333222333322112222212222221000000000000000
223332222333322223333222333322223343322344332223453323455432223553323455432223443323344332223333322333332223333322333322122222212222221000000000000000
223332222333322223333222333322223343322344332223453323455432223553323455432223443323344332223333322333332223333222333322122222212222221000000000000000
223332222333322223333222333322223343322344332223453323455432223553323455432223443323344332223333322343332223333322333322122222212222221000000000000000
223332222333322223333222333322223343322344332223453323465432223553323455432223443323344332223333322333332223333322333322122222212222221000000000000000
223332222333322223333222333322223343322344332223453323455432223553323455432223443323344332223333322343332223333322333322122222212222221000000000000000
223332222333322223333222333322223343323344332223453323455432223553323455432223443323344332223333322343332223333322333322122222212222221000000000000000
223332222333322223333222333322223343323344332223453323455432223553323455432223443323344332223333322333332223333322333322122222212222221000000000000000
223332222333322223333222333322223343323344332223553323455432223553323455432223443323344432223333322343332223333322333322122222212222221000000000000000
223332222333322223333222333322223343323344332223553323455432223553323455432223443323344332223333322343332223333322333322122222212222221000000000000000
223332222333322223333222333322223343323344332223553323455432223553323455432223443323344332223333322343332223333322333322112222212222221000000000000000
223332222333322223333222333322223343323344332223553323455432223553323455432223443323344332223333322343332223333322333322112222212222221000000000000000
223332222333322223333222333322223443323344332223553323455432223553323455432223443323344332223333322344332223333322333322122222222222221000000000000000
223332222333322223333222333322223343323344332223453323455432223553323455432223443323344432223333322344332223333322333322122222222222221000000000000000
223332222333322223333222333322223343323344332223553323455432223553323455432223443323344332223333322344332223333322333322122222222222221000000000000000
223332222333322223333222333322223343323344332223553323455432223553323455432223443323354432223333322343332223333322333322122222212222221000000000000000
223332222333322223333222333322223343323344332223553323455432223553323455432223443323344432223333322343332223333322333322122222222222221000000000000000
223332222333322223333222333322223343323344332223553323455432223553323455432223443323344332223333322344332223333322333322122222222222221000000000000000
223332222333322223333222333322223343323344332223553323455432223553323455432223443323344432223333322344332223333322333322122222222222221000000000000000
223332222333322223333222333322223443323344332223553323455432223553323455432223443323344332223333322343332223333322333322122222222222221000000000000000
223332222333322223333222333322223443323344332223453323455432223553323455432223443323344332223333322343332223333322333322122222222222221000000000000000
223332222333322223333222333322223443323344332223453323465432223553323455432223443323344332223333322344332223333322333322122222222222221000000000000000
223333222333322223333222333322223343323344332223453323455432223553323455432223443323344432223333322344332223333322333322122222222222221000000000000000
223333222333322223333222333322223343323344332223453323455432223553323455432223443323344332223333322334332223333322333322122222222222221000000000000000
223333222333322223333222333322223343323344332223453323455432223553323455432223443323344432223333322344332223333322333322122222222222221000000000000000
223333222333322223333222333322223343323344332223553323455432223553323455432223443323344332223333322344332223333322333322122222222222221000000000000000
223333222333322223333222333322223343323344332223553323455432223553323455432223443323344432223333322344332223333322333322122222222222221000000000000000
223333222333322223333222333322223343323344332223453323455432223553323455432223443323344432223333323344332223333322333322122222222222221000000000000000
223333222333322223333222333322223343323344332223453323455432223553323455432223443323344332223333323344332223333322333322122222222222221000000000000000
223333222333322223333222333322223343323344332223553323455432223553323455432223443323344432223333323344332223333322333322122222222222221000000000000000
223333222333322223333222333322223343323344332223553323455432223553323455432223443323344432223333322344332223333322333322122222222222221000000000000000
223333222333322223333222333322223343323344332223553323455432223553323455432223443323344432223333322344332223333322333322122222222222221000000000000000
223332222333322223333222333322223343323344332223453323455432223553323455432223443323344432223333322334332223333322333322122222222222221000000000000000
223333222333322223333222333322223443323344332223553323455432223553323455432223443323344432223333322344332223333322333322122222222222221000000000000000
223332222333322223333222333322223443323344332223553323455432223553323455432223443323344432223333322344332223333322333322122222222222221000000000000000
223333222333322223333222333322223443323344332223553323455432223553323455432223443323344432223333323344332223333322333322122222222222221000000000000000
223333222333322223333222333322223443323344332223553323455432223553323455432223443323344432223333323344332223333322333322122222222222221000000000000000
223333222333322223333222333322223443323344332223553323455432223553323455432223443323344432223333322344332223333322333322122222222222221000000000000000
223333222333322223333222333322223443323344332223453323465432223553323455432223443323344432223333323344332223333322333322122222222222221000000000000000
223333222333322223333222333322223443323344332223553323465432223553323455432223443323344432223333323344332223333322333322122222222222221000000000000000
223333222333322223333222333322223443323344332223453323455432223553323455432223443323344332223333323344332223333322333322122222222222221000000000000000
223333222333322223333222333322223343323344332223553323455432223553323455432223443323344432223343323344332223333322333322122222222222221000000000000000
223333222333322223333222333322223443323344332223553323455432223553323455432223443323344432223333323344332223333322333322122222222222221000000000000000
223333222333322223333222333322223443323344332223553323455432223553323455432223443323344432223333323344332223333322333322122222222222221000000000000000
223333222333322223333222333322223443323344332223453323455432223553323455432223443323344432223333323344332223333322333322122222222222221000000000000000
223333222333322223333222333322223343323344332223553323455432223553323455432223443323344432223333323344332223333322333322122222222222221000000000000000
223332222333322223333222333322223343323344332223553323455432223553323455432223443323344432223333323344332223333322333322122222222222221000000000000000
223332222333322223333222333322223343323344332223553323455432223553323455432223443323344432223333323344332223333322333322122222222222221000000000000000
223332222333322223333222333322223343323344332223553323455432223553323455432223443323344432223333323344332223333322333322122222222222221000000000000000
223332222333322223333222333322223343323344332223553323455432223553323455432223443323354432223343323344332223333322333322122222222222221000000000000000
223332222333322223333222333322223343323344332223553323455432223553323455432223443323344432223343323344332223333322333322122222222222221000000000000000
223332222333322223333222333322223343323344332223553323455432223553323455432223443323344432223343323343332223333322333322122222222222221000000000000000
223332222333322223333222333322223443323344332223553323455432223553323455432223443323344432223343323344332223333322333322122222222222221000000000000000
223333222333322223333222333322223343323344332223453323455432223553323455432223443323344432223333323344332223333322333322122222222222221000000000000000
223333222333322223333222333322223443323344332223453323455432223553323455432223443323344432223333323344332223333322333322122222222222221000000000000000
223333222333322223333222333322223443323344332223453323465432223553323455432223443323344432223343323344332223333322333322122222222222221000000000000000
223333222333322223333222333322223443323344332223553323465432223553323455432223443323344432223343323344332223333322333322122222222222221000000000000000
223333222333322223333222333322223443323344332223453323465432223553323455432223443323344432223343323344332223333322333322122222222222221000000000000000
223333222333322223333222333322223343323344332223553323455432223553323455432223443323344432223343323344332223333323333322122222222222221000000000000000
223333222333322223333222333322223443323344332223553323455432223553323455432223443323344432223343323344332223333323333322122222222222221000000000000000
223333222333322223333222333322223443323344432223553323455432223553323455432223443323344432223343323344332223333322333322122222222222221000000000000000
223333222333322223333222333322223443323344432223553323455432233553323455432223443323344432223343323344332223333322333322122222222222221000000000000000
223333222333322223333222333322223443323344432223553323465432223553323455432223443323344432223343323344332223333322333322122222222222221000000000000000
223333222333322223333222333322223443323344332223553323455432233553323455432223443323344432223333323344332223333322333322122222222222221000000000000000
223333222333322223333222333322223443323344332223553323465432233553323455432223443323344432223343323344332223333322333322122222222222221000000000000000
223333222333322223333222333322223443323344332223453323455432233553323455432223443323344432223333323344332223333322333322122222222222221000000000000000
223333222333322223333222333322223443323344432233553323455432223553323455432223443323354432223343323344332223333322333322122222222222221000000000000000
223333222333322223333222333322223443323344332233553323455432223553323455432223443323354432223343323344332223333323333322122222222222221000000000000000
223333222333322223333222333322223443323344332223553323455432233553323455432223443323354432223343323344332223333323333322122222222222221000000000000000
223333222333322223333222333322223443323344332223553323455432233553323455432223443323344432223343323344332223333323333322122222222222221000000000000000
223333222333322223333222333322223443323344332223553323455432223553323455432223443323344432223343323344332223333323333322122222222222221000000000000000
223333222333322223333222333322223443323344332223553323455432233553323455432223443323354432223343323344332223333323333322122222222222221000000000000000
223333222333322223333222333322223443323344332223453323465432233553323455432223443323344432223343323344332223333323333322122222222222221000000000000000
223333222333322223333222333322223443323344432223553323465432233553323455432223443323344432223343323344332223333323333322122222222222222000000000000000
223333222333322223333222333322223443323344432223553323465432233553323455432223443323344432223343323344332223333323333322122222222222222000000000000000
223333222333322223333222333322223443323344432233553323455432233553323455432223443323354432223443323344332223333323333322122222222222222000000000000000
223333222333322223333222333322223443323344432223553323455432233553323455432223443323344432223343323344332223333323333322122222222222222000000000000000
223333222333322223333222333322223443323344432223453323455432233553323455432223443323354432223343323344332223333323333322122222222222222000000000000000
223333222333322223333222333322223443323344432233553323455432233553323455432223443323344432223343323344332223333323333322122222222222222000000000000000
223333222333322223333222333322223443323344432233553323465432233553323455432223443323344432223343323344332223333323333332122222222222222000000000000000
223333222333322223333222333322223443323344432223553323455432233553323455432223443323354432223333323344332223333323333332122222222222222000000000000000
223333222333322223333222333322223443323344432233553323455432233553323455432223443323344432223343323344332223333323333322122222222222222000000000000000
223333222333322223333222333322223443323344332233553323465432233553323455432223443323344432223343323344332223333323333322122222222222222000000000000000
223333222333322223333222333322223443323344432233553323455432233553323455432223443323354432223343323344332223333323333322122222222222222000000000000000
223333222333322223333222333322223443323344332233553323455432233553323455432223443323344432223343323344332223333323333322122222222222222000000000000000
223333222333322223333222333322223443323344332233553323455432233553323455432223443323354432223343323344332223333323333322122222222222222000000000000000
223333222333322223333222333322223443323344432233553323455432233553323455432223443323354432223343323344332223333323333322122222222222222000000000000000
223333222333322223333222333322223443323344432233553323455432233553323455432223443323344432223343323344332223333323333322122222222222222000000000000000
223333222333322223333222333322223443323344432233553323465432233553323455432223443323344432223343323344332223333323333322122222222222221000000000000000
223332222333322223333222333322223443323344332223553323455432223553323455432223443323354432223343323344332223333323333322122222222222221000000000000000
223332222333322223333222333322223443323344332223553323465432223553323455432223443323354432223343323344332223333323333322122222222222221000000000000000
223332222333322223333222333322223443323344332223553323465432223553323455432223443323344432223343323344332223333323333322122222222222221000000000000000
223332222333322223333222333322223343323344332223553323465432223553323455432223443323354432223443323344332223333323333322122222222222221000000000000000
223332222333322223333222333322223343323344332223553323455432223553323455432223443323344432223443323344332223333323333322122222222222221000000000000000
223332222333322223333222333322223343323344332223553323455432223553323455432223443323344432223343323344332223333323333322122222222222221000000000000000
223332222333322223333222333322223343323344332223553323465432223553323455432223443323354432223343323344332223333323333322122222222222221000000000000000
223332222333322223333222333322223443323344332223553323465432223553323455432223443323344432223343323344332223333323333322122222222222221000000000000000
223332222333322223333222333322223443323344332223553323455432223553323455432223443323354432223343323344332223333323333322122222222222221000000000000000
223332222333322223333222333322223443323344332223553323455432223553323455432223443323354432223343323344332223333323333322122222222222221000000000000000
223332222333322223333222333322223443323344332223553323455432223553323455432223443323354432223343323344332223333323333322122222222222222000000000000000
223332222333322223333222333322223443323344332223553323455432223553323455432223443323354432223343323344332223333323333322122222222222222000000000000000
223332222333322223333222333322223443323344332223553323465432223553323455432223443323355432223443323344332223333323333322122222222222222000000000000000
223332222333322223333222333322223443323344332223553323465432223553323455432223443323354432223343323344332223333323333322122222222222222000000000000000
223332222333322223333222333322223443323344332223553323465432223553323455432223443323354432223343323344332223333323333322122222222222222000000000000000
223333222333322223333222333322223443323344332223553323465432223553323455432223443323344432223343323344332223333323333322122222222222222000000000000000
222332222333322222232222233222223333232333322233333332344322233343333354322233453333354322233343332343322223333222333322122222222222211111111111111111
222222222333222222222222333222223332222333322223333232344322223333232454322223333232464322223333222343322222332222333322111111111111111111111111111111
112221122333322112221122333322112221123443333112221123444333212221123554333212221123554333112221123333332112211112222222111111111111111111111111111111
111111112333333111111112333333111111112444433111211112444433111211113554433111211112454333111111112333332111111112222222111111111111111111111111111111
111211112333333111211112333333111221122444433111221122444333111221123554433111221122554433111221112333332111111112222222111111111111111111111111111111
122222222333322122222222333322122222222344332122222222444332122222223554332122222222454332122222222333322112222222232222111111111111111111111111111111
222332222333222222332222333222233333222333322233333223333322233343323333322233353323343322233353323333322222332222333222111111111111111111111111111111
222332222222221222332222222221233333222333321333333222333321333443223333321333453323333321333553223333321223332222333221112221111111111111111111111110
222332222223221222332222222221233333222333321233333222333221333343222333321333453222333321333463222333321223333222332221111111111111111000000000000000
222222211222211222222211222211233333211222211333333221223211333333221223211333345221223211333344221223211222222211222211111111111111111111111100111100
233333211112211222222211112211333333311122211333333311122211333334311122211333334311122211333334311122211222223211112111111111110111111111111100111100
222222221222211222222211222211233333221222211333333221222211333333222222211333353222232211333353222222211223333221222211112221111111110111111000000000
222222222222222222222222222221223333222333322223333222333322233343222343322233353222353322233353222353322223333222333322222222222222211111111111111111
222222222232222222222222222222223333222333322223333222333322223333222353322223343222364322223333222343322222333222333222112222211222211000000000000000
222232222333222222222222232222223333222333322223333222343322223343222453322223353222463322223333222333322222332222333222112222111222211000000000000000
222332222333222222232222333222223333222333322223333222343322233343222453322233353222453322223333222333322222332222333222111221111221111000000000000000
222332222333222222232222333222223333222333322233333233443322233343333553322233353323463322223333222333322222333222333222111221111221111000000000000000
222332222333322222332222333222233333222333322233333233443322233343333553322233353333453322223333222333322222333222333222111111111111111000000000000000
223332222333322223333222333322233333333343322233343333443322233343333553322233453333453322233333322333322222332222333222111111111111111000000000000000
223333222333322223333222333322233333333443322233343333443322233343333554322233453333453322233333323333322222332222332222111111111111111000000000000000
223333222333322223333222333322233333333443322233343333443322233443333554322233453333454322233343333333322222332222333222111111111111111000000000000000
223333222333322223333222333322233343333443322233343333443322233443333554322233453333453322233333323333322222332222332222111111111111111000000000000000
223333222333322223333222333322233343333443322233343333443322233443333554322233453333454322233333333333322222332222333222111111111111111000000000000000
223333222333322223333222333322233343333443322233343333443322233443333554322233453333454322233333333333322222332222333222111111111111111000000000000000
223333222333322223333222333322233343333443322233343333443322233443333554322233463333454322233333333333322222332222333222111111111111111000000000000000
223333222333322223333222333322233333333443322233343333443322233443333554322233453333454322233333333333322222332222333222111111111111111000000000000000
223333222333322233333222333322233343333443322233343333443322233453333554322233453333454322233333333333322222332222333222111111111111111000000000000000
223333222333322223333222333322233343333443322233343333444322233453333554322233453333554322233333333333322222332222333222111111111111111000000000000000
223333222333322223333222333322233343333443322233343333443322233453333554322233453333454322233333333333322222332222333222111111111111111000000000000000
223333222333322233333222333322233343333443322233343333443322233453333554322233453333454322233343333333322222332222333222111111111111111000000000000000
233333222333322233333222333322233343333443322233343333443322233453333554322233463333454322233343333333322222332222333222111111111111111000000000000000
223333222333322233333222333322233343333443322233343333443322233443333554322233453333454322233343333333322222332222333222111111111111111000000000000000
233333222333322233333222333322233343333443322233343333443322233453333554322233453333454322233343333333322222332222333222111111111111111000000000000000
223333222333322233333222333322233343333443322233343333443322233443333554322233453333454322233343333333322222332222333222111111111111111000000000000000
233333222333322233333222333322233343333443322233343333444322233453333554322233453333454322233343333333322222333222333222111111111111111000000000000000
233333222333322233333222333322233343333443322233343333444322233453333554322233453333454322233343333333322222333222333222111111111111111000000000000000
233333222333322233333222333322233343333443322233343333444322233453333554322233453333454322233343333333322222333222333222111111111111111000000000000000
233333222333322233333222333322233343333443322233343333444322233453333554322233463333454322233343333333322222332222333222111111111111111000000000000000
233333222333322233333222333322233343333443322233343333443322233453333554322233463333454322233343333333322222332222333222111111111111111000000000000000
233333222333322233333222333322233343333443322233343333444322233453333554322233463333454322233343333333322222332222333222111111111111111000000000000000
233333222333322233333222333322233343333443322233343333444322333453333554322233463333454322233333333333322222332222333222111111111111111000000000000000
223333222333322233333222333322233343333443322233343333443322233453333554322233463333454322233333333333322222333222333222111111111111111000000000000000
233333222333322233333222333322233343333443322233343333443322233453333554322233463333454322233343333333322222333222333222111111111111111000000000000000
233333222333322233333222333322233343333443322233343333444322233453333554322233453333554322233333333333322222333222333222111111111111111000000000000000
233333222333322233333222333322233343333443322233343333444322233453333554322233453333454322233333333333322222333222333222111111111111111000000000000000
233333222333322233333222333322233343333443322233343333444322233453333554322233453333454322233343333333322222333222333222111111111111111000000000000000
233333222333322233333222333322233343333443322233343333444322233453333554322333453333454322233343333333322222333222333222111111111111111000000000000000
233333222333322233333222333322233343333443322233343333444322333443333554322233453333454322233343333333322222333222333222111111111111111000000000000000
233333222333322233333222333322233343333443322233343333444322233453333554322233453333454322233343333333322222333222333222111111111111111000000000000000
233333222333322233333222333322233343333443322233343333444322233443333554322233463333454322233343333333322222333222333222111111111111111000000000000000
233333222333322233333222333322233343333443322233343333444322233453333554322233463333454322233343333333322222333222333222111111111111111000000000000000
233333222333322233333222333322233343333443322233343333444322233453333554322233463333454322233343333333322222333222333222111111111111111000000000000000
233333222333322233333222333322233343333443322233343333444322233453333554322233463333454322233343333333322222333222333222111111111111111000000000000000
223333222333322233333222333322233343333443322233343333444322233453333554322233463333454322233343333333322222333222333222111111111111111000000000000000
233333222333322223333222333322233343333444322233343333443322233453333554322233463333454322233343333333322222332222333222111111111111111000000000000000
233333222333322223333222333322233343333443322233343333444322233453333554322233463333454322233343333333322222333222333222111111111111111000000000000000
233333222333322233333222333322233343333443322233343333444322233453333554322233463333454322233333333333322222333222333222111111111111111000000000000000
233333222333322233333222333322233343333443322233343333444322233443333554322233463333454322233333333333322222333222333222111111111111111000000000000000
233333222333322233333222333322233343333443322233343333444322233453333554322233463333454322233333333333322222333222333222111111111111111000000000000000
233333222333322233333222333322233343333443322233343333444322233453333554322233463333454322233333333333322222333222333222111111111111111000000000000000
233333222333322223333222333322233343333443322233343333444322233453333554322233463333554322233333333333322222333222333222111111111111111000000000000000
233333222333322233333222333322233343333443322233343333444322233453333554322233453333464322233333333333322222333222333222111111111111111000000000000000
233333222333322233333222333322233343333443322233343333444322233453333554322233453333454322233333333333322222333222333222111111111111111000000000000000
233333222333322233333222333322233343333443322233343333444322233453333554322233463333454322233333333333322222333222333222111111111111111000000000000000
233333222333322233333222333322233343333443322233343333444322233453333554322233453333454322233333333333322222333222333222111111111111111000000000000000
233333222333322233333222333322233343333443322233343333444322333453333554322233453333454322233333333333322222333222333222111111111111111000000000000000
233333222333322233333222333322233343333443322233343333444322233453333554322233453333454322233333333333322222333222333222111111111111111000000000000000
223333222333322223333222333322233343233443322233343233444322233453333554322233463333454322233333222333322222332222333222111111111111111000000000000000
223332222333322223332222333222233333222443322233343232443322233453223553322233463223453322223333222333322222332222332222111111111111111000000000000000
222332222333222222332222333222233333222343322233343222443322233353222553322233463222453322223333222333322222332222332222111111111111111000000000000000
222232222333222222232222333222223333222333322233333222343322233353222553322233363222453322223333222333322222332222332222111221111222111000000000000000
222232222333222222232222332222223333222333322223333222343322233353222553322233363222453322223333222333322222332222333221112221111222111000010000001000
222232222333222222232222332222223333222333322223333222343322233353222553322233463222453322223333222333322222332222333222112222111222111111111111111111
222232222333222222232222332222223333222333322223333222343322233353222553322233363222453322223333222333322222332222333222112222111222211001111000110000
222232222333222222232222333222223333222333322233343222443322233353222553322233363222453322223333222333322222332222333222112222211222211000000000000000
222232222333222222232222333222223333222333322233343222443322233353222553322233363222453322223333222333322222332222333222112222211222211111111111111100
222332222333222222232222333222223333222333322233343222443322233353222553322233363222453322223333222333322222332222333222112222211222211000011000010000
222332222333222222232222333222223333222333322233343222443322233353222553322233363222463322223333222333322222332222333222112222211222211001111000111100
222332222333222222232222333222233333222333322233343222443322233353222553322233363222453322223333222333322222332222333222122222211222211000001000111000
222332222333222222232222333222233333222333322233343222443322233353223553322233463222453322223333222333322222332222333222122222211222211000000000000000
222332222333222222232222333222233333222333322233343222443322233353223563322233463222453322223333222333322222332222333222122222211222211000001000000000
222332222333222222232222333222233333222333322233343222443322233353222563322233463222453322223333222333322222332222333222112222211222211001111000111100
222332222333222222232222333222233333222333322233343222443322233353222563322233463222453322223333222333322222332222333222112222211222211011111000111100
222332222333222222232222333222233333222333322233343222443322233353223553322233463222453322223333222333322222332222333222112222211222211111111111111100
222332222333222222232222333222233333222333322233343222443322233353222553322233463222453322223333222333322222332222333222122222211222211111111111111111
222332222333222222232222333222233333222333322233343222443322233353222553322233463222453322223333222333322222332222333222122222211222211111111111111110
222332222333222222232222333222233333222343322233343222443322233353222563322233363222453322223333222333322222332222333222122222211222211111111111111111
223332222333222222232222333222233333222343322233343222443322233353223553322233463222453322223333222333322222332222333222122222211222211111111111111111
223332222333222222232222333222233333222333322233343222443322233453222563322233463222453322223333222333322222332222333222122222211222211111111111111111
223332222333222222232222333222233333222333322233343222443322233453222563322233463222453322223333222333322222332222333222122222211222211111111111111111
222332222333222222232222333222233333222333322233343222443322233453223563322233463222453322223333222333322222333222333222122222211222211111111111111111
222332222333222222232222333222233333222333322233343222443322233353223553322233463222453322223333222333322222333222333222122222211222211111111111111111
222332222333222222232222333222233333222333322233343222443322233453223563322233363222463322223333222333322222333222333222122222212222211111111111111111
222332222333222222232222333222233333222333322233343222443322233453223563322233463222453322223333222333322222333222333222122222212222211111111111111111
222332222333222222232222333222233333222343322233343222443322233353223553322233463222453322223333222333322222333222333222122222212222211111111111111111
223332222333222222232222333222233333222343322233343222443322233353223563322233463222453322223333222333322222333222333222122222212222211111111111111111
223332222333222222232222333222233333222333322233343222443322233353223564322233463222453322223333222333322222333222333222122222212222211111111111111111
223332222333222222232222333222233333222343322233343222443322233353223563322233463222453322223333222333322223333222333222122222212222211111111111111111
223332222333222222232222333222233333222343322233343222443322233453223563322233463222453322223333222333322222333222333222122222211222211111111111111111
222332222333222222232222333222233333222343322233343222443322233453223553322233463222453322223333222333322222333222333222122222211222211111111111111111
223332222333222222332222333222233333222343322233343222443322233453222563322233463222453322223333222333322222333222333222122222211222211111111111111111
223332222333222222232222333222233333222343322233343222443322233453223563322233463222453322223333222333322222333222333222122222211222211111111111111111
222332222333222222232222333222233333222343322233343222443322233453223553322233463222453322223333222333322222333222333222122222212222211111111111111111
223332222333222222232222333222233333222343322233343222443322233453222563322233463222453322223333222333322222332222333222122222211222211111111111111111
222332222333222222232222333222223333222333322233343222443322233353222563322233463222453322223333222333322222332222333222122222211222211111111111111111
222232222333222222232222333222223333222333322223343222443322233353222563322233463222453322223333222333322222332222333222122222211222211111111111111111
222232222332222222232222332222223333222333322223333222343322233353222563322223363222453322223333222333322222332222333222112222211222211111111111111111
222222222232222222222222232222223333222333322223333222343322223353222463322223363222453322223333222333322222332222333221112222211222211111111111111111
222222222222222222222222222222223333222333322223333222343322223353222463322223363222453322223333222333322222332222333221122222211222211111111111111111
222222222222222222222222222221223332222333322223333222343322223353222463322223363222453322223333222333321222332222333221122222211222211111111111111111
222222222222222222222222222221222332222333321223333222333322223353222463322223363222453322223333222333321222332222333221122222211222211111111111111111
222222222222211222222222222211222332222333221223333222333221223353222453321223363222463321223343222343321222332222333221122222222222211111111111111111
122222111222211122222111222211222232222232221222332222333221223343222453321223363222363321223353222343321222333222333221122222222222211111111111111111
111221111222111112222111222211222222222222211222332222333221223343222353321223363222363321222353222343321222333222333221122222222222221111121111121111
111121111121111112221111222111122222222222211222332222333221223343222343321223363222363321222353222353321222333222333221122222222222221111222111222111
111121111121111111221111122111122222222222211222332222333221223343222343321223363222363321223353222353321222333222333221122232222232211112222212222211
111121111122111112221111222111122222222222211222332222333221223343222343321223363222363321223353222353321222333222333221222232222232221112222212222211
222222211222211122222111222211222222222222221222332222333221223343222453321223363222363321223343222343321222333222333221222222222222221112222111222211
222222221222211122222211222211222232222232221222332222333221223343222353321223363222363321223343222343321222333222333221222222222222221111222111222111
222222222222221122222211222211222232222232221222333222333221223343222353321223363222363321223353222343321223333222333221222222222222221112222111222111
222222222222222222222222222221222232222333221223333222333322223353222453322223363322363322223343222343322223333222333322222222222222221112222111222111
222222222222222222222222222221222332222333221223333222333322223353222453322223363322463322223343322343322223333222333322222222222222221112222111222111
222222222222222222222222222221222332222333221223333222333322223353222453322223363322463322223343322343322223333222333322222222222222221112222111222111
222222222222222222222222222221222332222333222223333222333322223353222453322223363322463322223343322343322223333222333322222222222222221111222111222111
222222222222222222222222222221222332222333322223333222333322223353222453322223363322463322223343222343322223333222333322222222222222221111222111222111
222222222222222222222222222221222332222333322223333222333322223353322453322223463322463322223343322343322223333222333322222222222222221112222111222111
222222222222222222222222222221222332222333322223333222333322223353322453322223363322463322223343322343322223333322333322222222222222221112222111222111
